-2.0  |  49
2.0  |  46
3.0  |  320
-3.0  |  32
4.0  |  828
-4.0  |  2986
5.0  |  2549
-5.0  |  52
6.0  |  422
-6.0  |  117
-7.0  |  740
7.0  |  30
-8.0  |  2897
8.0  |  79
9.0  |  171
-9.0  |  33
10.0  |  318
-10.0  |  49
11.0  |  57
-11.0  |  37
12.0  |  5350
-12.0  |  3106
13.0  |  1878
-13.0  |  50
14.0  |  41294
-14.0  |  244
-15.0  |  41
15.0  |  58
-16.0  |  414342
16.0  |  23
-17.0  |  5510
17.0  |  198
-18.0  |  6166
18.0  |  1189
-19.0  |  5646
19.0  |  1946
-20.0  |  2951
20.0  |  337
21.0  |  59
-21.0  |  75
-22.0  |  41
22.0  |  56
23.0  |  127
-23.0  |  43
-24.0  |  2993
24.0  |  272
-25.0  |  41
25.0  |  73
26.0  |  649
-26.0  |  57
27.0  |  2973
-27.0  |  46
28.0  |  10589
-28.0  |  2978
29.0  |  120
-29.0  |  42
-30.0  |  51
30.0  |  49
-31.0  |  106
31.0  |  436
-32.0  |  31582
33.0  |  2129
32.0  |  332
-33.0  |  47
34.0  |  483
-35.0  |  47
-34.0  |  61
35.0  |  116
-36.0  |  4002
37.0  |  74
36.0  |  51
-37.0  |  36
-38.0  |  27
38.0  |  240
39.0  |  55
-39.0  |  47
41.0  |  2585
-40.0  |  3140
40.0  |  226
-41.0  |  29
43.0  |  13427
42.0  |  2195
-43.0  |  470
-42.0  |  77
-44.0  |  2904
44.0  |  19
45.0  |  149
-45.0  |  87
46.0  |  158
47.0  |  889
-46.0  |  42
-47.0  |  35
48.0  |  2408899
-48.0  |  6866
49.0  |  57
-49.0  |  59
-50.0  |  53
51.0  |  385
-51.0  |  45
50.0  |  29
-52.0  |  2919
53.0  |  54
52.0  |  232
-53.0  |  41
55.0  |  586
-54.0  |  50
54.0  |  90
-55.0  |  36
57.0  |  6954
56.0  |  1243
-56.0  |  2841
-57.0  |  155
-59.0  |  39
59.0  |  86
58.0  |  63
-58.0  |  51
-60.0  |  2735
60.0  |  146
61.0  |  509
-61.0  |  36
62.0  |  660
63.0  |  68
-63.0  |  52
-62.0  |  44
-64.0  |  10109
-65.0  |  1171
-67.0  |  104
-66.0  |  124
65.0  |  40
66.0  |  172
67.0  |  55
64.0  |  40
-68.0  |  2788
70.0  |  1785
71.0  |  7209
69.0  |  423
-70.0  |  47
-69.0  |  37
68.0  |  33
-71.0  |  89
-72.0  |  3319
72.0  |  655
75.0  |  279
73.0  |  1051
74.0  |  101
-75.0  |  82
-74.0  |  47
-73.0  |  45
-78.0  |  45
-76.0  |  2783
78.0  |  4295
76.0  |  517
77.0  |  93
-77.0  |  42
-79.0  |  51
79.0  |  20
-80.0  |  3212
83.0  |  375
80.0  |  114
-81.0  |  36
82.0  |  62
-82.0  |  41
-83.0  |  36
81.0  |  85
85.0  |  8176
84.0  |  454
-84.0  |  2907
86.0  |  1017
-86.0  |  203
-85.0  |  97
-87.0  |  32
87.0  |  39
-88.0  |  2833
-91.0  |  47
91.0  |  141
88.0  |  62
90.0  |  419
89.0  |  250
-90.0  |  42
-89.0  |  47
92.0  |  486968
93.0  |  87785
-94.0  |  929
-92.0  |  2805
-93.0  |  60
95.0  |  59
-95.0  |  31
94.0  |  74
96.0  |  544885
99.0  |  3970
-96.0  |  4095
98.0  |  195
97.0  |  421
-99.0  |  56
-97.0  |  35
-98.0  |  33
100.0  |  1887175
-100.0  |  3000
-102.0  |  58
-101.0  |  293
102.0  |  63
103.0  |  150
-103.0  |  41
101.0  |  41
-104.0  |  526248
107.0  |  2678
106.0  |  343
104.0  |  529
105.0  |  137
-106.0  |  49
-105.0  |  45
-107.0  |  45
108.0  |  164367
-111.0  |  46
-108.0  |  2879
111.0  |  311
109.0  |  78
-109.0  |  41
110.0  |  23
-110.0  |  36
114.0  |  2438
113.0  |  1234
-112.0  |  3582
112.0  |  288
-113.0  |  39
-115.0  |  101
-114.0  |  116
115.0  |  144
116.0  |  492553
-118.0  |  43
118.0  |  405
-116.0  |  2907
119.0  |  91
-117.0  |  37
117.0  |  87
-119.0  |  49
-120.0  |  2687
123.0  |  299043
-123.0  |  49855
122.0  |  14985
121.0  |  1985
120.0  |  131
-121.0  |  40
-122.0  |  53
-124.0  |  2622
126.0  |  364
-125.0  |  33
127.0  |  769
125.0  |  94
-126.0  |  304
-127.0  |  31
124.0  |  20
128.0  |  522431
-128.0  |  500606
134.0  |  640
135.0  |  1285
-132.0  |  2585
-134.0  |  52
-135.0  |  50
130.0  |  43
-129.0  |  67
131.0  |  39
132.0  |  352
133.0  |  185
129.0  |  172
-130.0  |  340
-131.0  |  30
-133.0  |  40
137.0  |  37110
-137.0  |  401
-136.0  |  524378
-139.0  |  44
-138.0  |  38
-141.0  |  34
142.0  |  1413
-140.0  |  2691
136.0  |  1519
139.0  |  56
138.0  |  14
143.0  |  154
-143.0  |  81
-142.0  |  37
141.0  |  535
140.0  |  244
-144.0  |  1401632
151.0  |  18243
-146.0  |  37
-149.0  |  29
149.0  |  2759
148.0  |  61
-148.0  |  2646
150.0  |  751
145.0  |  37
-151.0  |  112
-150.0  |  40
-147.0  |  37
144.0  |  949
146.0  |  146
-145.0  |  35
147.0  |  149
-152.0  |  137265
152.0  |  5684
-156.0  |  2460
-157.0  |  105
-155.0  |  36
-154.0  |  56
159.0  |  45
158.0  |  42
153.0  |  41
-159.0  |  608
-158.0  |  51
154.0  |  131
-153.0  |  43
156.0  |  1222
155.0  |  581
157.0  |  339
-160.0  |  2672
166.0  |  16406
164.0  |  619
165.0  |  5479
-165.0  |  120
-162.0  |  34
-163.0  |  41
163.0  |  976
-161.0  |  39
162.0  |  34
161.0  |  108
160.0  |  99
-166.0  |  668
-167.0  |  35
-164.0  |  3396
167.0  |  163
171.0  |  168
-168.0  |  2620
-172.0  |  4492
-173.0  |  54
-175.0  |  42
-174.0  |  40
170.0  |  1151
-169.0  |  38
172.0  |  150
173.0  |  31
174.0  |  65
169.0  |  232
168.0  |  131
-170.0  |  52
-171.0  |  42
175.0  |  109
178.0  |  714
-180.0  |  355470
-182.0  |  53
-183.0  |  29
180.0  |  2260615
181.0  |  115
-181.0  |  124776
179.0  |  3195
182.0  |  115
-176.0  |  2651
-177.0  |  24
-178.0  |  40
-179.0  |  81
183.0  |  109
177.0  |  296
176.0  |  34
187.0  |  6120
-184.0  |  2680
-188.0  |  3094
-190.0  |  64
-191.0  |  67
185.0  |  276
191.0  |  110
190.0  |  17
188.0  |  40
189.0  |  125
-186.0  |  85
-187.0  |  63
-189.0  |  70
184.0  |  815
186.0  |  37
-185.0  |  76
194.0  |  2430
198.0  |  361
-196.0  |  3122
-199.0  |  98
-198.0  |  104
193.0  |  1259
-192.0  |  2615
-193.0  |  78
196.0  |  70
199.0  |  381
197.0  |  86
-195.0  |  247
195.0  |  635
192.0  |  708
-194.0  |  120
-197.0  |  88
-200.0  |  1236945
201.0  |  4817
207.0  |  1758
205.0  |  67
204.0  |  27
-204.0  |  3928
206.0  |  269
200.0  |  389
203.0  |  116
-201.0  |  95
202.0  |  40
-202.0  |  87
-205.0  |  75
-203.0  |  75
-206.0  |  46
-207.0  |  47
209.0  |  377
215.0  |  9055
214.0  |  70
208.0  |  2116
211.0  |  55
-212.0  |  2540
-211.0  |  34
-210.0  |  34
-213.0  |  41
-208.0  |  2720
212.0  |  238
210.0  |  44
-209.0  |  113
213.0  |  187
-215.0  |  38
-214.0  |  50
217.0  |  232463
-216.0  |  42738
-219.0  |  287
222.0  |  3346
223.0  |  232
216.0  |  3336
219.0  |  69
218.0  |  30
-217.0  |  4376
-220.0  |  2690
-222.0  |  61
-223.0  |  83
-221.0  |  40
220.0  |  242
221.0  |  934
-218.0  |  344
-224.0  |  4238
231.0  |  15565
229.0  |  1125
228.0  |  61
230.0  |  2650
224.0  |  33
225.0  |  70
-228.0  |  2634
226.0  |  182
-225.0  |  43
227.0  |  226
-231.0  |  98
-230.0  |  41
-229.0  |  36
-227.0  |  40
-226.0  |  43
-232.0  |  2673
236.0  |  2417
239.0  |  40
238.0  |  32
232.0  |  38
233.0  |  50
235.0  |  360
-236.0  |  2678
234.0  |  211
-233.0  |  39
237.0  |  327
-238.0  |  63
-239.0  |  43
-234.0  |  48
-235.0  |  39
-237.0  |  125
-240.0  |  1045310
246.0  |  8615
244.0  |  122799
247.0  |  20
245.0  |  4552
-246.0  |  4589
-244.0  |  2637
-243.0  |  46
-242.0  |  43
-245.0  |  53
240.0  |  232
241.0  |  223
243.0  |  347
-241.0  |  45
242.0  |  53
-247.0  |  45
251.0  |  899
-248.0  |  1920311
250.0  |  1133
-249.0  |  42
-252.0  |  2644
-254.0  |  41
-255.0  |  51
-253.0  |  84
248.0  |  203
249.0  |  197
254.0  |  100
255.0  |  277
252.0  |  72
253.0  |  34
-250.0  |  50
-251.0  |  80
-256.0  |  2466
257.0  |  188
259.0  |  2853
268.0  |  57
258.0  |  655
260.0  |  8270
-258.0  |  41
-259.0  |  51
-257.0  |  35
261.0  |  151
262.0  |  94
-268.0  |  2516
-269.0  |  31
-270.0  |  42
-271.0  |  41
-264.0  |  2644
-260.0  |  2830
-262.0  |  51
-263.0  |  23
-261.0  |  27
-267.0  |  34
-265.0  |  56
-266.0  |  81
269.0  |  179
264.0  |  593
265.0  |  546
266.0  |  51
267.0  |  31
271.0  |  166
270.0  |  58
263.0  |  119
256.0  |  64
273.0  |  3872
274.0  |  10545
285.0  |  363
284.0  |  73
275.0  |  309
287.0  |  691
280.0  |  90
286.0  |  457
281.0  |  6787
283.0  |  213
282.0  |  28
-275.0  |  16060
-274.0  |  93
-273.0  |  49
-284.0  |  2534
-286.0  |  47
-285.0  |  36
-272.0  |  2561
-276.0  |  2564
-277.0  |  44
-279.0  |  57
-278.0  |  52
-280.0  |  3258
-281.0  |  46
-282.0  |  94
-283.0  |  32
-287.0  |  34
272.0  |  580
279.0  |  496
278.0  |  440
277.0  |  131
276.0  |  57
295.0  |  2325
-300.0  |  22767
-301.0  |  51
-303.0  |  121
-302.0  |  54
-292.0  |  2841
288.0  |  13367
-288.0  |  2739
-295.0  |  36
-294.0  |  34
-293.0  |  47
-289.0  |  513
293.0  |  401
294.0  |  149
292.0  |  322
-290.0  |  53
-291.0  |  29
289.0  |  978
302.0  |  3098
290.0  |  52
291.0  |  122
301.0  |  371
300.0  |  540
-296.0  |  2833
-299.0  |  53
-298.0  |  59
-297.0  |  40
303.0  |  1397
296.0  |  22
299.0  |  71
298.0  |  69
297.0  |  80
310.0  |  3124
-304.0  |  19513
304.0  |  35
311.0  |  69
305.0  |  70
309.0  |  549
-305.0  |  39
-307.0  |  44
-306.0  |  46
308.0  |  95
-312.0  |  4282
-308.0  |  2601
-311.0  |  149
-309.0  |  41
-310.0  |  43
-313.0  |  37
-315.0  |  45
-314.0  |  43
316.0  |  1680
307.0  |  633
306.0  |  271
315.0  |  457
314.0  |  235
319.0  |  54
312.0  |  58
313.0  |  34
318.0  |  62
317.0  |  2451
-316.0  |  2571
-318.0  |  212
-319.0  |  34
-317.0  |  102
325.0  |  56870
-324.0  |  2630
320.0  |  1899061
327.0  |  21
326.0  |  65
323.0  |  246
322.0  |  72
332.0  |  125
321.0  |  414
-328.0  |  12924
-334.0  |  46
-335.0  |  50
-330.0  |  52
-331.0  |  102
-329.0  |  64
-332.0  |  2750
-333.0  |  14465
324.0  |  1557
-320.0  |  2627
-322.0  |  50
-321.0  |  33
-327.0  |  36
-325.0  |  61
-326.0  |  37
-323.0  |  42
330.0  |  1374
331.0  |  501
329.0  |  350
334.0  |  85
335.0  |  278
328.0  |  136
333.0  |  50
340.0  |  149748
339.0  |  2796
348.0  |  46
350.0  |  120
351.0  |  115
349.0  |  154
-348.0  |  2474
-349.0  |  49
-351.0  |  52
-350.0  |  60
344.0  |  926
347.0  |  52
345.0  |  967
346.0  |  138
-344.0  |  5976
-340.0  |  3819
-347.0  |  128
-341.0  |  54
-346.0  |  84
-345.0  |  112
-336.0  |  2483
-343.0  |  39
-337.0  |  46
-339.0  |  57
-338.0  |  49
-342.0  |  53
338.0  |  1579
337.0  |  1008
343.0  |  379
336.0  |  139
342.0  |  94
341.0  |  12
-352.0  |  2561
352.0  |  1749
354.0  |  33800
360.0  |  44276
361.0  |  26
362.0  |  35
363.0  |  157
-356.0  |  2672
-363.0  |  34
-357.0  |  43
-359.0  |  47
-358.0  |  55
358.0  |  1047
359.0  |  867
356.0  |  83
357.0  |  117
-354.0  |  327
-355.0  |  48
-353.0  |  42
-362.0  |  11363
-360.0  |  4055
-361.0  |  57
-364.0  |  2667
-366.0  |  41
-367.0  |  45
-365.0  |  54
353.0  |  1152
366.0  |  1399
364.0  |  78
355.0  |  15
365.0  |  48
367.0  |  618
368.0  |  8316
376.0  |  14444
378.0  |  65
379.0  |  20
377.0  |  114
-368.0  |  2801
383.0  |  4609
-383.0  |  413
-380.0  |  2891
-382.0  |  70
-381.0  |  55
-369.0  |  1673
-370.0  |  53
-371.0  |  39
369.0  |  9701
370.0  |  71
382.0  |  4090
381.0  |  617
380.0  |  3868
371.0  |  114
-372.0  |  2877
-379.0  |  49
-378.0  |  51
-375.0  |  45
-374.0  |  65
-373.0  |  46
-376.0  |  3824
-377.0  |  32
373.0  |  1624
375.0  |  60
374.0  |  99
372.0  |  400
389.0  |  2775
-388.0  |  2798
-392.0  |  3764
-393.0  |  41
-399.0  |  35
-394.0  |  35
-395.0  |  50
-384.0  |  2804
388.0  |  194
-387.0  |  53
-386.0  |  51
-385.0  |  48
-389.0  |  76
-391.0  |  46
-390.0  |  45
387.0  |  775
399.0  |  104
395.0  |  405
394.0  |  189
392.0  |  153
393.0  |  31
397.0  |  1798
398.0  |  85
396.0  |  2245
386.0  |  174
-398.0  |  1317
-396.0  |  2864
-397.0  |  88
391.0  |  81
390.0  |  23
384.0  |  93
385.0  |  120
404.0  |  6091
-404.0  |  2935
-408.0  |  34488
-411.0  |  102
-409.0  |  30
-410.0  |  47
410.0  |  2578
411.0  |  2205
408.0  |  149
-400.0  |  2813
-403.0  |  36
-402.0  |  42
-401.0  |  94
-407.0  |  50
-405.0  |  92
-406.0  |  55
401.0  |  458
406.0  |  150
400.0  |  100
407.0  |  53
405.0  |  57
402.0  |  238
403.0  |  494
415.0  |  263
414.0  |  100
413.0  |  90
412.0  |  102
-412.0  |  3033
-415.0  |  52
-414.0  |  43
-413.0  |  47
409.0  |  452
-416.0  |  2783
425.0  |  3617
427.0  |  50
426.0  |  198
418.0  |  5305
419.0  |  30
424.0  |  1181
431.0  |  55
429.0  |  448
430.0  |  161
428.0  |  73
-420.0  |  2788
-422.0  |  47
-423.0  |  44
-421.0  |  52
-424.0  |  2832
417.0  |  116
422.0  |  179
423.0  |  270
416.0  |  214
-419.0  |  52
420.0  |  89
421.0  |  32
-417.0  |  49
-418.0  |  51
-428.0  |  2796
-429.0  |  35
-430.0  |  43
-431.0  |  40
-427.0  |  3081
-425.0  |  85
-426.0  |  72
439.0  |  2645
-436.0  |  2863
433.0  |  3360
-444.0  |  2934
-445.0  |  53
-446.0  |  45
-447.0  |  40
434.0  |  34462
435.0  |  29
444.0  |  198
445.0  |  50
432.0  |  1341
-432.0  |  2883
-437.0  |  48
-438.0  |  53
-439.0  |  64
438.0  |  446
437.0  |  293
-434.0  |  418
-433.0  |  45
-435.0  |  48
436.0  |  95
446.0  |  884
440.0  |  263
442.0  |  54
441.0  |  24
443.0  |  182
447.0  |  1743
-440.0  |  2974
-441.0  |  102
-443.0  |  43
-442.0  |  45
453.0  |  1018
-448.0  |  2943
461.0  |  618
462.0  |  7425
-460.0  |  2883
-462.0  |  42
-461.0  |  54
463.0  |  10739
457.0  |  140
456.0  |  42
458.0  |  245
459.0  |  47
448.0  |  13303
451.0  |  236
450.0  |  36
449.0  |  20
460.0  |  319
454.0  |  313
455.0  |  49
-450.0  |  48
-449.0  |  38
452.0  |  291
-451.0  |  49
-463.0  |  586
-456.0  |  5763
-457.0  |  56
-459.0  |  42
-458.0  |  38
-452.0  |  2851
-454.0  |  78
-455.0  |  63
-453.0  |  46
468.0  |  578
476.0  |  5149
-468.0  |  2717
-470.0  |  83
-471.0  |  43
-469.0  |  68
-475.0  |  54
-473.0  |  53
-474.0  |  39
477.0  |  7354
472.0  |  204
479.0  |  60
473.0  |  25
478.0  |  84
467.0  |  792
466.0  |  186
465.0  |  92
464.0  |  71
471.0  |  64
470.0  |  42
469.0  |  43
-467.0  |  52
-466.0  |  58
-465.0  |  54
-464.0  |  2910
-472.0  |  3014
474.0  |  566
475.0  |  539
-476.0  |  2891
-479.0  |  60
-478.0  |  35
-477.0  |  169
486.0  |  139
491.0  |  19460
-480.0  |  2864
-481.0  |  51
-487.0  |  50
-486.0  |  42
-482.0  |  47
-483.0  |  60
484.0  |  33
485.0  |  111
-485.0  |  2272
490.0  |  1331
489.0  |  637
488.0  |  195
-488.0  |  2852
-492.0  |  3732
-493.0  |  47
-495.0  |  56
-494.0  |  41
495.0  |  511
481.0  |  655
480.0  |  144
487.0  |  42
492.0  |  448
483.0  |  31
494.0  |  124
493.0  |  50
482.0  |  417
-484.0  |  2857
-490.0  |  54
-489.0  |  41
-491.0  |  86
-496.0  |  2796
-500.0  |  2903
-507.0  |  56
-503.0  |  50
-502.0  |  60
-501.0  |  52
-497.0  |  41
-499.0  |  74
500.0  |  110
502.0  |  123
501.0  |  43
-498.0  |  61
503.0  |  641
496.0  |  403
497.0  |  95
498.0  |  3233
505.0  |  3086
506.0  |  1048
507.0  |  55
-506.0  |  209
504.0  |  585
511.0  |  124
509.0  |  389
499.0  |  18
508.0  |  73
510.0  |  472
-508.0  |  2961
-510.0  |  43
-509.0  |  40
-504.0  |  2883
-505.0  |  120
-511.0  |  54
-516.0  |  2870
536.0  |  56
-514.0  |  1825
-536.0  |  2950
-538.0  |  39
-540.0  |  2915
528.0  |  110521
532.0  |  450
530.0  |  15
534.0  |  413
542.0  |  10028
540.0  |  2418
538.0  |  312
520.0  |  1162
-518.0  |  58
522.0  |  75
526.0  |  573
524.0  |  521
518.0  |  315
516.0  |  39
512.0  |  1033
514.0  |  77
-512.0  |  2939
-520.0  |  2873
-534.0  |  131
-530.0  |  37
-532.0  |  2798
-524.0  |  2955
-526.0  |  49
-522.0  |  59
-528.0  |  7102
-542.0  |  85
-548.0  |  2810
546.0  |  549
-544.0  |  4212
-546.0  |  54
-558.0  |  44
562.0  |  975
566.0  |  170
564.0  |  23
-560.0  |  3827
-562.0  |  53
-574.0  |  60
-564.0  |  2976
-552.0  |  2854
-566.0  |  46
-554.0  |  44
-572.0  |  2908
-568.0  |  2968
-570.0  |  48
-556.0  |  2761
550.0  |  75
548.0  |  597
570.0  |  992
572.0  |  27
568.0  |  85
574.0  |  151
560.0  |  173
554.0  |  200
552.0  |  218
-550.0  |  1111
556.0  |  1842
558.0  |  24
544.0  |  30
590.0  |  719
-576.0  |  3449
604.0  |  443
-588.0  |  2993
-590.0  |  52
-584.0  |  2973
-596.0  |  2966
-598.0  |  63
-594.0  |  42
-586.0  |  511
592.0  |  20766
598.0  |  508
594.0  |  111
596.0  |  119
578.0  |  38
602.0  |  101
600.0  |  1244
580.0  |  175
582.0  |  34
576.0  |  1233
586.0  |  906
588.0  |  145
606.0  |  806
-592.0  |  5643
-606.0  |  43
-600.0  |  3046
-602.0  |  61
-604.0  |  2959
-580.0  |  2937
-578.0  |  50
584.0  |  784
-582.0  |  45
618.0  |  355
-608.0  |  24437
-616.0  |  3073
-630.0  |  57
612.0  |  246
-612.0  |  3022
-610.0  |  57
616.0  |  43
-614.0  |  126
620.0  |  262
622.0  |  42
608.0  |  83
610.0  |  103
626.0  |  247
628.0  |  2891
630.0  |  46
-632.0  |  3080
-634.0  |  47
-636.0  |  3025
-620.0  |  2981
-622.0  |  52
-618.0  |  47
-624.0  |  5827
-638.0  |  37
-626.0  |  72
-628.0  |  2994
614.0  |  2293
632.0  |  401
636.0  |  3205
638.0  |  19
624.0  |  34
634.0  |  89
-652.0  |  2998
642.0  |  2686
-664.0  |  2885
-666.0  |  51407
644.0  |  40
664.0  |  674
646.0  |  276
650.0  |  3552
652.0  |  18
648.0  |  52
666.0  |  6552
662.0  |  111
670.0  |  1187
668.0  |  155
656.0  |  1042
660.0  |  187
658.0  |  42
-656.0  |  4841
-668.0  |  3016
-670.0  |  71
-662.0  |  66
-640.0  |  7861
-654.0  |  46
-648.0  |  3072
-650.0  |  67
-660.0  |  2936
-658.0  |  57
-644.0  |  2937
-646.0  |  40
-642.0  |  62
654.0  |  291
640.0  |  350
680.0  |  11817
-676.0  |  2694
-674.0  |  49
-678.0  |  55
684.0  |  829
682.0  |  83
686.0  |  42
674.0  |  103
672.0  |  53
-688.0  |  18602
-700.0  |  2941
-702.0  |  273
-696.0  |  2984
-698.0  |  95
-692.0  |  3128
-690.0  |  43
-694.0  |  146
692.0  |  759
696.0  |  142
698.0  |  792
702.0  |  31
690.0  |  32
688.0  |  65
700.0  |  71
678.0  |  570
676.0  |  41
694.0  |  14049
-672.0  |  5600
-680.0  |  3417
-684.0  |  2803
-686.0  |  59
-682.0  |  55
712.0  |  517
708.0  |  2833
710.0  |  60
728.0  |  74
-716.0  |  2893
-728.0  |  2947
-730.0  |  58
734.0  |  238
732.0  |  36
730.0  |  2974
-724.0  |  55285
-712.0  |  2846
-726.0  |  53
-714.0  |  46
-732.0  |  2868
-720.0  |  3025
-734.0  |  40
-722.0  |  98
722.0  |  2235
724.0  |  72
726.0  |  213
720.0  |  526
706.0  |  603
-708.0  |  2964
-706.0  |  51
-710.0  |  46
-704.0  |  2966
-718.0  |  50
714.0  |  507
716.0  |  20
718.0  |  34
704.0  |  33
750.0  |  2470
-744.0  |  2854
-746.0  |  44
-758.0  |  45
758.0  |  3390
-760.0  |  5065
-766.0  |  67
-764.0  |  2895
-762.0  |  50
-756.0  |  2997
-752.0  |  2969
-754.0  |  39
766.0  |  64
754.0  |  106
752.0  |  79
756.0  |  78
764.0  |  1868
736.0  |  2031
738.0  |  48
740.0  |  156
760.0  |  9468
762.0  |  149
742.0  |  67
748.0  |  169
746.0  |  61
-740.0  |  2936
-736.0  |  2935
-750.0  |  45
-738.0  |  137
-748.0  |  2876
744.0  |  1745
-742.0  |  46
-772.0  |  2906
-780.0  |  2877
-778.0  |  39
-782.0  |  51
-768.0  |  2910
-770.0  |  53
774.0  |  8556
792.0  |  376
788.0  |  8634
790.0  |  72
786.0  |  571
784.0  |  48
796.0  |  27
794.0  |  91
798.0  |  78
778.0  |  592
776.0  |  168
-774.0  |  335
772.0  |  942
768.0  |  64
770.0  |  44
782.0  |  44
780.0  |  75
-776.0  |  3010
-788.0  |  3086
-790.0  |  49
-786.0  |  41
-784.0  |  2895
-796.0  |  2998
-798.0  |  42
-792.0  |  2860
-794.0  |  46
-804.0  |  3005
804.0  |  144
-808.0  |  9883
824.0  |  9915
826.0  |  77
-820.0  |  2954
-822.0  |  41
828.0  |  534
830.0  |  1787
802.0  |  6730
800.0  |  360
806.0  |  247
816.0  |  6268
820.0  |  180
818.0  |  59
822.0  |  117
-818.0  |  8653
-816.0  |  2969
-830.0  |  56
-824.0  |  3901
-826.0  |  51
-828.0  |  2923
-812.0  |  2920
-810.0  |  72
-814.0  |  62
-800.0  |  2895
814.0  |  924
808.0  |  145
810.0  |  19
-806.0  |  57
812.0  |  96
-802.0  |  88
-836.0  |  2930
854.0  |  54209
-832.0  |  3059
-834.0  |  44
838.0  |  1664
834.0  |  164
846.0  |  181
832.0  |  47
836.0  |  97
842.0  |  157
840.0  |  75
-838.0  |  53
844.0  |  1081
850.0  |  124
862.0  |  50
848.0  |  75
858.0  |  571
856.0  |  72
860.0  |  189
852.0  |  1418
-840.0  |  4958
-844.0  |  2950
-846.0  |  108
-842.0  |  41
-856.0  |  4302
-858.0  |  53
-860.0  |  3031
-848.0  |  3058
-862.0  |  38
-852.0  |  2938
-854.0  |  756
-850.0  |  47
-870.0  |  43
868.0  |  41584
-888.0  |  53142
-890.0  |  90
-892.0  |  2906
-894.0  |  42
-884.0  |  2942
-886.0  |  54
-882.0  |  64
-880.0  |  2923
886.0  |  422
884.0  |  37
872.0  |  787
874.0  |  165
878.0  |  122
876.0  |  40
864.0  |  204
882.0  |  10235
880.0  |  1329
894.0  |  384
888.0  |  207
870.0  |  34
892.0  |  107
890.0  |  40
866.0  |  1202
-876.0  |  9885
-864.0  |  2872
-878.0  |  42
-874.0  |  79
-866.0  |  55
-868.0  |  3347
-872.0  |  10162
910.0  |  1853
-918.0  |  51
-904.0  |  9930
-920.0  |  6354
-912.0  |  4264
-916.0  |  2872
-914.0  |  44
-924.0  |  2868
-926.0  |  223
-922.0  |  59
900.0  |  298
924.0  |  1059
902.0  |  186
920.0  |  197
922.0  |  128
926.0  |  1015
912.0  |  177
914.0  |  7495
916.0  |  415
918.0  |  5672
896.0  |  3776
898.0  |  92
-900.0  |  3136
-898.0  |  44
-902.0  |  50
904.0  |  21
908.0  |  188
906.0  |  118
-908.0  |  2968
-896.0  |  2964
-910.0  |  59
-906.0  |  75
-932.0  |  2979
932.0  |  13874
-936.0  |  11491
948.0  |  30192
950.0  |  172
-952.0  |  113894
-954.0  |  125
952.0  |  384
934.0  |  82
954.0  |  349
956.0  |  87
930.0  |  268
928.0  |  122
-956.0  |  3026
-958.0  |  37
-944.0  |  2884
-948.0  |  3049
-946.0  |  41
-950.0  |  46
944.0  |  219
958.0  |  197
946.0  |  2357
-928.0  |  2908
-940.0  |  3047
-942.0  |  32
-938.0  |  39
-930.0  |  43
938.0  |  1524
940.0  |  256
-934.0  |  55
936.0  |  162
942.0  |  60
962.0  |  13050
-968.0  |  73903
982.0  |  856
980.0  |  222
976.0  |  3174
978.0  |  24
990.0  |  10614
984.0  |  84
988.0  |  207
986.0  |  220
964.0  |  91
966.0  |  311
-960.0  |  2945
-964.0  |  3015
-966.0  |  58
-962.0  |  87
974.0  |  258
972.0  |  329
970.0  |  42
968.0  |  479
-972.0  |  2748
-974.0  |  48
-970.0  |  2123
-988.0  |  2996
-976.0  |  2882
-990.0  |  67
-980.0  |  2960
-978.0  |  41
-982.0  |  65
960.0  |  868
-984.0  |  2943
-986.0  |  43
1002.0  |  288
-992.0  |  2733
1012.0  |  3237
1014.0  |  103
1010.0  |  527
1022.0  |  67
1008.0  |  227
1020.0  |  1266
-996.0  |  2949
-994.0  |  40
-1012.0  |  2902
-1010.0  |  60
-1014.0  |  52
-1008.0  |  2937
-1020.0  |  3109
-1022.0  |  40
-1016.0  |  3041
-1018.0  |  59
1006.0  |  625
992.0  |  133
996.0  |  461
994.0  |  135
998.0  |  50
1016.0  |  366
1018.0  |  527
-1004.0  |  2867
-1002.0  |  33
-1006.0  |  610
-1000.0  |  3612
1004.0  |  1325
1000.0  |  259
-998.0  |  69
-1024.0  |  2905
-1032.0  |  2812
-1056.0  |  2889
1068.0  |  253
1064.0  |  63
-1028.0  |  4195
-1036.0  |  2857
1040.0  |  415
1024.0  |  464
1052.0  |  457
1048.0  |  1026
1044.0  |  64
-1064.0  |  3102
-1060.0  |  3024
-1040.0  |  2971
-1044.0  |  2897
-1048.0  |  3136
-1052.0  |  2953
-1068.0  |  3271
-1072.0  |  2977
-1076.0  |  2988
1056.0  |  15491
1060.0  |  213
1032.0  |  285
1028.0  |  113
1072.0  |  22
1036.0  |  103
1076.0  |  967
1080.0  |  190
1084.0  |  759
-1080.0  |  2803
-1084.0  |  3071
-1092.0  |  2832
-1096.0  |  2970
-1136.0  |  48308
-1140.0  |  3060
-1120.0  |  8601
-1148.0  |  3235
-1144.0  |  2855
1120.0  |  1417
1128.0  |  2221
1124.0  |  37
1132.0  |  310
-1088.0  |  19119
1140.0  |  249
1148.0  |  57
1144.0  |  49
1136.0  |  24
1100.0  |  20459
1116.0  |  116
1096.0  |  41
1088.0  |  147
1092.0  |  34
1104.0  |  1088
1112.0  |  826
1108.0  |  89
-1100.0  |  3415
-1124.0  |  2960
-1108.0  |  2930
-1116.0  |  2941
-1112.0  |  2965
-1128.0  |  3029
-1104.0  |  5434
-1132.0  |  3028
-1152.0  |  319464
1156.0  |  4213
-1168.0  |  197925
-1180.0  |  11330
-1176.0  |  2821
-1172.0  |  2984
-1164.0  |  2916
1168.0  |  279
-1156.0  |  3039
-1160.0  |  2941
1180.0  |  7409
1176.0  |  93
1172.0  |  32
1152.0  |  41
-1184.0  |  20697
-1212.0  |  2802
-1188.0  |  2923
-1192.0  |  2920
-1196.0  |  2857
-1200.0  |  60508
-1204.0  |  2924
-1208.0  |  2976
1208.0  |  13588
1200.0  |  54
1204.0  |  48
1212.0  |  1454
1192.0  |  585
1196.0  |  90
1184.0  |  1371
1188.0  |  93
1164.0  |  3007
1160.0  |  213
-1216.0  |  48369
1244.0  |  2957
1276.0  |  78
1260.0  |  178
1248.0  |  219
1252.0  |  42
1256.0  |  63
-1244.0  |  2872
1264.0  |  1715
1228.0  |  104
1220.0  |  597
1216.0  |  34
1224.0  |  55
1272.0  |  2650
1268.0  |  77
-1220.0  |  2864
-1268.0  |  2852
-1272.0  |  2831
-1276.0  |  2821
-1260.0  |  2929
-1232.0  |  2821
-1236.0  |  2887
-1252.0  |  2949
-1248.0  |  3005
-1256.0  |  2995
-1240.0  |  2860
-1264.0  |  3163
1236.0  |  2419
1232.0  |  36
1240.0  |  229
-1228.0  |  2794
-1224.0  |  2851
-1292.0  |  2995
-1320.0  |  2936
-1308.0  |  2956
-1336.0  |  2910
-1332.0  |  8725
-1328.0  |  2953
-1316.0  |  2985
1316.0  |  5451
1324.0  |  28
1320.0  |  207
-1312.0  |  2870
-1340.0  |  2946
1300.0  |  568
1296.0  |  56
-1324.0  |  2814
-1296.0  |  4372
-1304.0  |  2878
-1300.0  |  2926
-1280.0  |  3702
-1284.0  |  2809
-1288.0  |  3077
1304.0  |  72
1284.0  |  78
1280.0  |  97
1308.0  |  122
1336.0  |  139
1332.0  |  35
1312.0  |  92
1340.0  |  172
1328.0  |  237
1292.0  |  886
1288.0  |  11431
-1356.0  |  2954
-1344.0  |  2904
1368.0  |  40209
-1348.0  |  3779
-1352.0  |  2936
1360.0  |  205
1364.0  |  125
-1368.0  |  34471
-1372.0  |  2975
1388.0  |  299
1384.0  |  37
-1400.0  |  37292
-1360.0  |  2930
-1364.0  |  2799
-1384.0  |  9734
-1404.0  |  3068
-1380.0  |  2898
-1376.0  |  2891
-1388.0  |  2952
-1396.0  |  3048
-1392.0  |  3028
1396.0  |  25509
1392.0  |  163
1352.0  |  2763
1348.0  |  158
1356.0  |  251
1344.0  |  2844
1372.0  |  417
1376.0  |  53
1404.0  |  28
1400.0  |  251
1380.0  |  909
-1416.0  |  13711
1416.0  |  265
-1428.0  |  2916
-1448.0  |  16777126
1448.0  |  33935382
1444.0  |  461
1440.0  |  1460
1420.0  |  112
-1444.0  |  3093
-1440.0  |  2979
-1424.0  |  2911
-1412.0  |  2869
-1420.0  |  2981
1424.0  |  1446
1408.0  |  713
1412.0  |  88
1432.0  |  3669
1428.0  |  103
1436.0  |  699
-1408.0  |  2897
-1436.0  |  3094
-1432.0  |  3035
1041.0  |  1904
-1057.0  |  669034
-1041.0  |  46
-1049.0  |  100
-1053.0  |  47
-1045.0  |  36
-1061.0  |  43
-1069.0  |  39
-1065.0  |  56
-1077.0  |  80
-1073.0  |  51
-1085.0  |  111
-1081.0  |  34
1057.0  |  420988
1061.0  |  1046
1069.0  |  1450
1065.0  |  49
1053.0  |  85
1049.0  |  70
1045.0  |  179
-1025.0  |  54
-1029.0  |  62
-1033.0  |  54
-1037.0  |  45
1085.0  |  9877
1033.0  |  2634
1025.0  |  147
1029.0  |  43
1037.0  |  168
1081.0  |  135
1077.0  |  143
1073.0  |  63
1113.0  |  3734
1149.0  |  2508
1141.0  |  1939
1145.0  |  84
-1149.0  |  39
-1121.0  |  56
-1125.0  |  33
-1141.0  |  53
-1137.0  |  54
-1145.0  |  33
-1129.0  |  243
1121.0  |  9555
1125.0  |  141
1133.0  |  253
1129.0  |  59
-1093.0  |  576
-1089.0  |  38
-1117.0  |  32
-1097.0  |  46
-1101.0  |  44
-1105.0  |  67
-1133.0  |  55
-1109.0  |  44
-1113.0  |  107
1105.0  |  158
1109.0  |  89
1097.0  |  517
1089.0  |  712
1093.0  |  44
1117.0  |  130
1101.0  |  250
1137.0  |  113
1181.0  |  562606
1153.0  |  183
1157.0  |  220
-1209.0  |  29825
-1205.0  |  31
-1201.0  |  55
-1185.0  |  316
-1189.0  |  48
-1197.0  |  38
-1193.0  |  66
-1213.0  |  49
-1169.0  |  175
1177.0  |  494
1169.0  |  382
1173.0  |  40
-1165.0  |  217
-1161.0  |  50
-1157.0  |  59
-1153.0  |  38
-1181.0  |  117
-1177.0  |  23
-1173.0  |  33
1193.0  |  14993
1189.0  |  257
1185.0  |  507
1209.0  |  256
1213.0  |  404
1197.0  |  160
1205.0  |  570
1201.0  |  41
1165.0  |  17617
1161.0  |  219
1233.0  |  91
1265.0  |  435
1229.0  |  3344
1225.0  |  68
1273.0  |  3050
1249.0  |  407
1277.0  |  245
1269.0  |  238
1257.0  |  3536
1253.0  |  60
1261.0  |  36
1221.0  |  832
1245.0  |  76
1217.0  |  159
-1233.0  |  44
-1237.0  |  186
-1245.0  |  301
-1241.0  |  56
-1217.0  |  51
-1265.0  |  94
-1273.0  |  43
-1277.0  |  35
-1269.0  |  33
-1261.0  |  47
-1253.0  |  37
-1257.0  |  32
-1249.0  |  36
-1229.0  |  43
-1225.0  |  36
-1221.0  |  37
1237.0  |  1175
1241.0  |  614
1309.0  |  56
1313.0  |  36
1325.0  |  75
1317.0  |  1386
1321.0  |  547
1337.0  |  395
1341.0  |  49
1297.0  |  215
-1285.0  |  42
-1293.0  |  45
-1289.0  |  35
1301.0  |  742
1305.0  |  169
-1317.0  |  416
-1313.0  |  34
-1341.0  |  38
-1337.0  |  42
-1329.0  |  51
-1333.0  |  48
-1321.0  |  47
-1297.0  |  42
-1325.0  |  38
-1305.0  |  33
-1301.0  |  29
-1309.0  |  44
-1281.0  |  98
1293.0  |  986
1329.0  |  286
1333.0  |  82
1289.0  |  17
1281.0  |  41
1285.0  |  154
-1345.0  |  101
-1361.0  |  5366
-1385.0  |  70
-1389.0  |  45
-1401.0  |  36
-1377.0  |  31
-1405.0  |  34
-1381.0  |  32
-1365.0  |  40
-1373.0  |  54
-1369.0  |  44
-1393.0  |  47
-1397.0  |  694
1365.0  |  57
-1349.0  |  36
-1353.0  |  39
-1357.0  |  36
1361.0  |  91
1345.0  |  2606
1353.0  |  34
1357.0  |  290
1349.0  |  328
1393.0  |  41
1373.0  |  1425
1369.0  |  12
1401.0  |  822
1397.0  |  11689
1381.0  |  1057
1385.0  |  132
1389.0  |  58
1377.0  |  259
1405.0  |  66
1429.0  |  714
1409.0  |  570
1441.0  |  87
1425.0  |  4509
-1421.0  |  29
-1437.0  |  43
-1433.0  |  55
-1429.0  |  44
-1417.0  |  77
-1413.0  |  22
-1409.0  |  34
1437.0  |  476
1445.0  |  122
1433.0  |  32
-1441.0  |  30
-1445.0  |  32
-1425.0  |  57
1413.0  |  76
1421.0  |  29
1417.0  |  66
527.0  |  1850
543.0  |  732382
519.0  |  2620
-543.0  |  3010359
-541.0  |  34
-537.0  |  50
-539.0  |  43
531.0  |  173
533.0  |  1567
535.0  |  34
529.0  |  64
541.0  |  2226
537.0  |  118
539.0  |  78
521.0  |  74
-515.0  |  57
-517.0  |  44
-519.0  |  50
-513.0  |  46
523.0  |  173
525.0  |  89
-527.0  |  50
-521.0  |  507
-525.0  |  37
-523.0  |  39
-535.0  |  86
517.0  |  297
515.0  |  40
513.0  |  23
-533.0  |  50
-529.0  |  38
-531.0  |  51
557.0  |  42707
575.0  |  597
-557.0  |  479
561.0  |  1372
567.0  |  89
565.0  |  67
563.0  |  67
547.0  |  3158
545.0  |  107
559.0  |  115
-567.0  |  42
-555.0  |  53
-553.0  |  52
-571.0  |  135
-569.0  |  42
-573.0  |  37
-565.0  |  41
-563.0  |  63
-561.0  |  47
-575.0  |  52
571.0  |  7071
573.0  |  118
569.0  |  801
549.0  |  162
551.0  |  92
555.0  |  2289
-551.0  |  42
553.0  |  60
-545.0  |  64
-547.0  |  63
-559.0  |  42
-549.0  |  55
585.0  |  6115
583.0  |  414
-597.0  |  51
-589.0  |  49
-591.0  |  56
-585.0  |  108
-587.0  |  61
-599.0  |  105
-601.0  |  41
-603.0  |  45
-605.0  |  63
-593.0  |  63
-607.0  |  55
-595.0  |  43
597.0  |  315
599.0  |  5466
607.0  |  29623
593.0  |  31
595.0  |  98
603.0  |  163
601.0  |  63
605.0  |  163
581.0  |  61
577.0  |  78
579.0  |  42
591.0  |  123
589.0  |  211
587.0  |  248
-579.0  |  922
-577.0  |  62
-583.0  |  49
-581.0  |  43
611.0  |  199
613.0  |  5169
615.0  |  46
621.0  |  18195
619.0  |  152
623.0  |  86
609.0  |  104
617.0  |  104
-611.0  |  56
-615.0  |  215
-613.0  |  60
-609.0  |  44
637.0  |  245475
625.0  |  367
639.0  |  125
629.0  |  161
631.0  |  102
627.0  |  1399
-637.0  |  19186
-623.0  |  52
-621.0  |  53
-619.0  |  40
-631.0  |  45
-617.0  |  43
-629.0  |  121
-639.0  |  44
-625.0  |  66
-627.0  |  66
-635.0  |  35
-633.0  |  30
635.0  |  1823
633.0  |  118
651.0  |  24816
669.0  |  476
665.0  |  66225
647.0  |  14213
641.0  |  653
643.0  |  174
645.0  |  54
649.0  |  990
-643.0  |  100
-645.0  |  57
-647.0  |  64
671.0  |  291
667.0  |  27
657.0  |  289
661.0  |  249
659.0  |  46
663.0  |  574
-669.0  |  47
-665.0  |  84
-667.0  |  44
-671.0  |  74
-657.0  |  97
-663.0  |  47
-659.0  |  42
-661.0  |  46
-641.0  |  46
-651.0  |  242
-655.0  |  40
-653.0  |  47
-649.0  |  54
655.0  |  467
653.0  |  60
683.0  |  388
677.0  |  756
675.0  |  167
685.0  |  254
687.0  |  29
673.0  |  41
-675.0  |  39
-673.0  |  187
-687.0  |  58
681.0  |  113
-679.0  |  81
-677.0  |  44
-695.0  |  64226
-691.0  |  35
-699.0  |  64
-697.0  |  30
-703.0  |  54
-701.0  |  45
-689.0  |  34
-693.0  |  54
701.0  |  5070
693.0  |  3019
695.0  |  194
689.0  |  122
703.0  |  137
691.0  |  419
679.0  |  7227
699.0  |  266
697.0  |  135
-685.0  |  53
-681.0  |  44
-683.0  |  34
705.0  |  127
731.0  |  803094
735.0  |  800
733.0  |  40
-723.0  |  160
-725.0  |  51
-721.0  |  36
-715.0  |  40
-713.0  |  53
-727.0  |  50
-735.0  |  46
-731.0  |  1618
-729.0  |  49
-733.0  |  47
721.0  |  532
723.0  |  1460
727.0  |  328
725.0  |  81
729.0  |  1503
711.0  |  87
709.0  |  644
-717.0  |  50
715.0  |  2856
713.0  |  415
-711.0  |  51
-709.0  |  573
-719.0  |  50
-705.0  |  40
-707.0  |  50
717.0  |  96
719.0  |  79
707.0  |  998
745.0  |  14799
763.0  |  240
-767.0  |  101
-761.0  |  46
-763.0  |  48
-765.0  |  63
-753.0  |  50
-745.0  |  149
-757.0  |  55
-755.0  |  40
-759.0  |  53
759.0  |  3670
767.0  |  29
757.0  |  334
755.0  |  202
753.0  |  39
765.0  |  880
739.0  |  50
737.0  |  315
751.0  |  334
743.0  |  1789
761.0  |  30
741.0  |  286
749.0  |  869
747.0  |  49
-747.0  |  50
-749.0  |  45
-751.0  |  97
-737.0  |  99
-739.0  |  32
-741.0  |  53
-743.0  |  54
779.0  |  964
793.0  |  493
773.0  |  1653
775.0  |  13
795.0  |  42304
799.0  |  155
797.0  |  167
789.0  |  392
791.0  |  133
787.0  |  4389
785.0  |  89
783.0  |  196
781.0  |  28
777.0  |  127
-775.0  |  41
-771.0  |  47
-783.0  |  37
-781.0  |  43
-769.0  |  49
-773.0  |  50
769.0  |  242
771.0  |  169
-789.0  |  3951
-787.0  |  47
-785.0  |  53
-793.0  |  60
-795.0  |  53
-799.0  |  57
-797.0  |  33
-791.0  |  46
-777.0  |  43
-779.0  |  52
803.0  |  997
815.0  |  349
-823.0  |  53
-817.0  |  119
-819.0  |  27
-821.0  |  47
831.0  |  2897
801.0  |  772
807.0  |  441
829.0  |  376
825.0  |  49
827.0  |  34
805.0  |  97
817.0  |  1354
819.0  |  65
821.0  |  495
823.0  |  455
-831.0  |  119
-825.0  |  158
-829.0  |  50
-827.0  |  42
-815.0  |  50
-811.0  |  46
-813.0  |  30
-809.0  |  42
-801.0  |  46
809.0  |  2228
813.0  |  135
811.0  |  74
-803.0  |  441
-807.0  |  59
-805.0  |  58
845.0  |  1062
839.0  |  29
857.0  |  265
837.0  |  174
835.0  |  439
-839.0  |  45
-837.0  |  51
-835.0  |  42
-833.0  |  50
843.0  |  308
841.0  |  33
833.0  |  49
847.0  |  56
861.0  |  39
863.0  |  190
849.0  |  360
859.0  |  1568
853.0  |  3469
855.0  |  10
851.0  |  88
-847.0  |  8314
-841.0  |  47
-851.0  |  45
-855.0  |  32
-853.0  |  53
-845.0  |  60
-843.0  |  34
-857.0  |  47
-849.0  |  33
-861.0  |  94
-863.0  |  54
-859.0  |  59
875.0  |  38
-885.0  |  32
-883.0  |  1229
-895.0  |  48
-893.0  |  34
-889.0  |  54
-891.0  |  65
-881.0  |  36
883.0  |  11076
887.0  |  1282
885.0  |  85
873.0  |  941
-871.0  |  50
-869.0  |  53
-877.0  |  32
-887.0  |  58
-873.0  |  55
-875.0  |  48
-867.0  |  56
-865.0  |  39
-879.0  |  36
877.0  |  145
865.0  |  176
879.0  |  44
895.0  |  695
893.0  |  30
891.0  |  111
871.0  |  137
889.0  |  47
869.0  |  11
881.0  |  538
867.0  |  1035
901.0  |  928
911.0  |  2370
897.0  |  13829
-905.0  |  5129
-927.0  |  43
-915.0  |  49
-913.0  |  33
-917.0  |  44
-919.0  |  75
-925.0  |  89
-923.0  |  33
-921.0  |  50
925.0  |  2493
899.0  |  91
923.0  |  589
903.0  |  48
921.0  |  24
915.0  |  633
927.0  |  65
913.0  |  90
917.0  |  1739
919.0  |  45
909.0  |  708
905.0  |  49
907.0  |  22
-901.0  |  58
-899.0  |  34
-903.0  |  53
-897.0  |  347
-907.0  |  88
-909.0  |  53
-911.0  |  78
931.0  |  137
939.0  |  2919
951.0  |  189
949.0  |  69
935.0  |  32
933.0  |  29
953.0  |  2888
957.0  |  155
955.0  |  28
945.0  |  65
959.0  |  57
943.0  |  206
941.0  |  55
929.0  |  304
947.0  |  2826
937.0  |  302
-929.0  |  44
-937.0  |  45
-953.0  |  52
-955.0  |  92
-957.0  |  37
-949.0  |  52
-951.0  |  51
-945.0  |  51
-947.0  |  42
-959.0  |  38
-941.0  |  2316
-943.0  |  52
-939.0  |  58
-933.0  |  63
-931.0  |  53
-935.0  |  56
973.0  |  36
989.0  |  589
977.0  |  11072
981.0  |  751
983.0  |  72
979.0  |  166
985.0  |  61
987.0  |  84
967.0  |  1604
965.0  |  249
963.0  |  40
-965.0  |  45
971.0  |  120
969.0  |  80
-967.0  |  38
-977.0  |  490
-975.0  |  42
-973.0  |  41
-961.0  |  54
-963.0  |  48
-979.0  |  42
-983.0  |  55
-969.0  |  51
-981.0  |  41
-971.0  |  48
961.0  |  3276
975.0  |  763
991.0  |  7619
-985.0  |  28
-991.0  |  170
-989.0  |  53
-987.0  |  48
1001.0  |  78
1021.0  |  83
1019.0  |  7765
1015.0  |  79
1013.0  |  41
1023.0  |  300
1009.0  |  421
1011.0  |  101
-993.0  |  45
1005.0  |  13047
-1013.0  |  62
-1011.0  |  33
-1009.0  |  39
-1019.0  |  91
-1021.0  |  33
-1023.0  |  43
-1017.0  |  52
-1005.0  |  82
-1003.0  |  49
-1001.0  |  38
-1015.0  |  39
-1007.0  |  49
995.0  |  609
997.0  |  51
999.0  |  41
1007.0  |  110
993.0  |  76
1017.0  |  574
1003.0  |  451
-999.0  |  1605
-997.0  |  65
-995.0  |  43
1026.0  |  873
-1086.0  |  312678
-1062.0  |  77
-1058.0  |  55
-1066.0  |  47
-1078.0  |  72
-1082.0  |  40
-1074.0  |  56
1070.0  |  1581
1054.0  |  933
1050.0  |  73
1046.0  |  284
-1046.0  |  40
-1042.0  |  58
-1050.0  |  71
-1034.0  |  104
-1054.0  |  80
-1030.0  |  71
-1026.0  |  39
-1038.0  |  35
1042.0  |  56
-1070.0  |  71
1062.0  |  648
1058.0  |  22
1066.0  |  236
1086.0  |  2443
1034.0  |  2568
1030.0  |  51
1074.0  |  179
1078.0  |  38
1082.0  |  65
1038.0  |  655
1118.0  |  522
1142.0  |  2273
1134.0  |  229
1126.0  |  261
1122.0  |  72
1130.0  |  66
-1094.0  |  38
-1118.0  |  44
-1090.0  |  49
-1098.0  |  53
1150.0  |  3105
1146.0  |  284
1098.0  |  706
1102.0  |  138
1138.0  |  34
1090.0  |  1463
1094.0  |  248
1114.0  |  1612
1110.0  |  25
1106.0  |  41
-1102.0  |  37
-1122.0  |  473
-1146.0  |  51
-1150.0  |  49
-1138.0  |  39
-1142.0  |  98
-1126.0  |  49
-1130.0  |  42
-1114.0  |  159
-1134.0  |  59
-1106.0  |  77
-1110.0  |  34
-1182.0  |  39
1182.0  |  202
-1178.0  |  52
-1174.0  |  38
-1170.0  |  226
1170.0  |  1471
-1162.0  |  28
-1166.0  |  48
-1154.0  |  49
-1158.0  |  169
1174.0  |  190
1178.0  |  762
-1214.0  |  39
-1186.0  |  326
-1198.0  |  46
-1194.0  |  430
-1190.0  |  34
-1202.0  |  50
-1206.0  |  45
-1210.0  |  45
1154.0  |  279
1190.0  |  30
1186.0  |  65
1194.0  |  8124
1198.0  |  688
1158.0  |  30
1162.0  |  50
1166.0  |  33
1206.0  |  746
1202.0  |  62
1210.0  |  61
1214.0  |  74
1222.0  |  7533
1274.0  |  315752
-1218.0  |  46
1250.0  |  1791
1258.0  |  2014
1262.0  |  178
1254.0  |  248
1278.0  |  1529
1226.0  |  438
1230.0  |  28
1270.0  |  97
1266.0  |  90
-1274.0  |  2731
-1254.0  |  36
-1250.0  |  60
-1278.0  |  30
-1258.0  |  45
-1238.0  |  30105
-1246.0  |  36
-1242.0  |  43
-1262.0  |  50
-1234.0  |  27
-1266.0  |  50
-1270.0  |  46
1238.0  |  46
1242.0  |  80
1246.0  |  41
1218.0  |  37
-1230.0  |  44
-1222.0  |  92
-1226.0  |  34
1234.0  |  492
1306.0  |  416
1286.0  |  3433
1310.0  |  22
1282.0  |  38
1338.0  |  11999
1318.0  |  91
1326.0  |  99
1322.0  |  157
1314.0  |  378
1342.0  |  282
-1302.0  |  69
-1298.0  |  47
-1326.0  |  54
-1306.0  |  55
-1322.0  |  46
-1318.0  |  48
-1314.0  |  41
-1334.0  |  47
-1330.0  |  70
-1338.0  |  50
-1342.0  |  50
-1310.0  |  85
1302.0  |  8488
-1294.0  |  86
-1290.0  |  45
-1282.0  |  39
-1286.0  |  38
1298.0  |  75
1330.0  |  9983
1334.0  |  140
1290.0  |  111
1294.0  |  56
1366.0  |  1265
-1362.0  |  33
1362.0  |  75
-1354.0  |  41
-1358.0  |  52
-1346.0  |  226
-1366.0  |  51
-1370.0  |  43
-1374.0  |  85
-1350.0  |  39
1382.0  |  24425
1390.0  |  46
1386.0  |  359
-1390.0  |  4400
-1382.0  |  176
-1378.0  |  51
-1394.0  |  44
-1402.0  |  58
-1398.0  |  40
-1406.0  |  35
-1386.0  |  81
1358.0  |  1071
1354.0  |  77
1350.0  |  136
1346.0  |  59
1374.0  |  258
1370.0  |  73
1378.0  |  203
1406.0  |  155
1402.0  |  369
1394.0  |  470
1398.0  |  59
1410.0  |  3895
1442.0  |  103
1422.0  |  185
1414.0  |  189
1418.0  |  34
1446.0  |  1403
-1426.0  |  912
-1442.0  |  40
-1446.0  |  53
1438.0  |  690
1434.0  |  120
1430.0  |  391
1426.0  |  316
-1422.0  |  38
-1434.0  |  42
-1438.0  |  50
-1410.0  |  70
-1414.0  |  40
-1418.0  |  82
-1430.0  |  45
1055.0  |  1886
1031.0  |  690
1027.0  |  20
-1051.0  |  41
-1071.0  |  613
-1067.0  |  54
-1043.0  |  41
-1047.0  |  45
-1063.0  |  45
-1079.0  |  46
-1075.0  |  45
-1087.0  |  39
-1059.0  |  28
-1083.0  |  43
1071.0  |  78137
1067.0  |  131
1063.0  |  131
1047.0  |  1353
1043.0  |  75
1051.0  |  96
-1039.0  |  48
-1055.0  |  39
-1027.0  |  45
-1035.0  |  292
-1031.0  |  51
1075.0  |  999
1039.0  |  109
1035.0  |  37
1083.0  |  1971
1087.0  |  58
1059.0  |  87
1079.0  |  44
-1099.0  |  82
1139.0  |  275
1143.0  |  226
1147.0  |  151
-1151.0  |  7931
-1143.0  |  100
-1147.0  |  57
-1139.0  |  43
-1131.0  |  49
-1135.0  |  49
-1127.0  |  48
-1123.0  |  30
1151.0  |  232887
1135.0  |  7766
1131.0  |  82
1127.0  |  2279
1123.0  |  135
1111.0  |  307
1115.0  |  47
-1103.0  |  37
1107.0  |  16
1091.0  |  87
1119.0  |  197
-1111.0  |  24
-1115.0  |  56
-1091.0  |  70
-1095.0  |  42
-1119.0  |  56
1095.0  |  77
1099.0  |  5386
1103.0  |  213
-1107.0  |  60
1179.0  |  6240
1183.0  |  215
-1187.0  |  423
-1191.0  |  25
-1199.0  |  45
-1195.0  |  43
-1211.0  |  33
-1207.0  |  51
-1203.0  |  30
-1215.0  |  53
-1171.0  |  280
1171.0  |  293
1175.0  |  227
-1167.0  |  44
-1163.0  |  44
-1159.0  |  30
-1183.0  |  45
-1179.0  |  53
-1175.0  |  30
-1155.0  |  30
1215.0  |  4689
1187.0  |  58
1191.0  |  266
1211.0  |  125
1199.0  |  580
1195.0  |  142
1207.0  |  2859
1203.0  |  166
1163.0  |  963
1167.0  |  74
1159.0  |  52
1155.0  |  600
1243.0  |  787
1279.0  |  940
1271.0  |  336
1275.0  |  28
1231.0  |  88
1267.0  |  61
1259.0  |  19964
1263.0  |  296
1255.0  |  390
1251.0  |  565
1227.0  |  392
1219.0  |  105
1247.0  |  36
1223.0  |  924
-1223.0  |  636
-1259.0  |  128
-1219.0  |  29
-1247.0  |  27
-1243.0  |  28
-1235.0  |  35
-1263.0  |  40
-1239.0  |  46
-1251.0  |  104
-1279.0  |  59
-1255.0  |  38
-1267.0  |  24175
-1271.0  |  33
-1275.0  |  51
1235.0  |  437
-1227.0  |  41
-1231.0  |  38
1239.0  |  77
1303.0  |  435
1335.0  |  487
1331.0  |  1514
1291.0  |  122
1295.0  |  37
1315.0  |  1359
1323.0  |  5436
1327.0  |  43
1319.0  |  119
1339.0  |  51
1343.0  |  330
-1303.0  |  2306
-1299.0  |  42
-1327.0  |  34
-1287.0  |  50
-1311.0  |  28
-1307.0  |  43
-1283.0  |  39
1299.0  |  40
-1295.0  |  39
-1291.0  |  39
-1339.0  |  77
-1343.0  |  49
-1315.0  |  38
-1319.0  |  25
-1335.0  |  42
-1331.0  |  74
-1323.0  |  41
1307.0  |  1157
1311.0  |  146
1283.0  |  184
1287.0  |  1392
1371.0  |  257
-1375.0  |  92
1359.0  |  3164
1367.0  |  5998
1363.0  |  334
-1359.0  |  76
-1355.0  |  40
-1347.0  |  38
-1351.0  |  43
1387.0  |  947
1391.0  |  122
-1399.0  |  34
-1395.0  |  31
-1379.0  |  43
-1407.0  |  45
-1403.0  |  44
-1383.0  |  33
-1371.0  |  50
-1363.0  |  43
-1387.0  |  81
-1391.0  |  42
-1367.0  |  44
1347.0  |  67
1351.0  |  129
1355.0  |  31
1375.0  |  19
1395.0  |  554
1399.0  |  95
1379.0  |  297
1383.0  |  20
1407.0  |  38
1403.0  |  48
1411.0  |  13160
1415.0  |  960
1419.0  |  61
-1419.0  |  3499
-1423.0  |  41
-1415.0  |  30
-1411.0  |  228
-1435.0  |  38
-1439.0  |  110
-1427.0  |  34
-1443.0  |  36
-1447.0  |  31
-1431.0  |  36
1439.0  |  2432
1431.0  |  79
1435.0  |  30
1427.0  |  67
1423.0  |  859
1443.0  |  316
1447.0  |  27
-1.0  |  39
1.0  |  50
