2.0  |  77
-2.0  |  40
3.0  |  196
-3.0  |  135
-4.0  |  3223
4.0  |  7825
5.0  |  1742
-5.0  |  52
6.0  |  77710
-6.0  |  1043
-7.0  |  795
7.0  |  125
-8.0  |  3208
8.0  |  96
9.0  |  157
-9.0  |  34
10.0  |  2024
-10.0  |  37
11.0  |  756
-11.0  |  30
-12.0  |  3253
12.0  |  6950
13.0  |  1604
-13.0  |  36
14.0  |  15320
-14.0  |  177
15.0  |  168
-15.0  |  29
-16.0  |  426392
16.0  |  342
-17.0  |  6633
17.0  |  228
-18.0  |  7388
18.0  |  341
-19.0  |  6592
19.0  |  1127
-20.0  |  3025
20.0  |  1123
21.0  |  860
-21.0  |  101
22.0  |  170
-22.0  |  46
23.0  |  113
-23.0  |  30
-24.0  |  3061
24.0  |  243
25.0  |  187
-25.0  |  37
26.0  |  456
-26.0  |  38
27.0  |  5888
-27.0  |  39
28.0  |  3996
-28.0  |  3047
-29.0  |  32
29.0  |  133
-30.0  |  32
30.0  |  65
31.0  |  258
-31.0  |  107
-32.0  |  33693
32.0  |  209
33.0  |  2393
-33.0  |  30
34.0  |  1555
35.0  |  1444
-34.0  |  49
-35.0  |  722
-36.0  |  4312
37.0  |  88
36.0  |  32
-37.0  |  36
38.0  |  301
39.0  |  253
-38.0  |  45
-39.0  |  43
41.0  |  2259
-40.0  |  3159
40.0  |  307
-41.0  |  106
43.0  |  12012
-43.0  |  312
42.0  |  1410
-42.0  |  60
-44.0  |  2980
-45.0  |  97
45.0  |  383
44.0  |  60
46.0  |  163
47.0  |  564
-46.0  |  37
-47.0  |  46
48.0  |  2593720
-48.0  |  7223
49.0  |  535
-49.0  |  59
51.0  |  1713
-50.0  |  65
-51.0  |  57
50.0  |  6979
-52.0  |  3120
52.0  |  184
53.0  |  133
-53.0  |  38
54.0  |  282
55.0  |  602
-55.0  |  37
-54.0  |  17
-56.0  |  2990
57.0  |  5698
56.0  |  2497
-57.0  |  91
59.0  |  57
-58.0  |  38
-59.0  |  48
58.0  |  56
-60.0  |  3099
61.0  |  417
-61.0  |  61
60.0  |  141
62.0  |  871
63.0  |  584
-62.0  |  45
-63.0  |  45
-64.0  |  13459
-66.0  |  107
64.0  |  101
65.0  |  35
-65.0  |  1563
66.0  |  124
67.0  |  138
-67.0  |  149
71.0  |  3425
69.0  |  300
70.0  |  1354
-68.0  |  2978
-71.0  |  59
-70.0  |  61
68.0  |  673
-69.0  |  22
72.0  |  2183
-72.0  |  3465
73.0  |  32329
75.0  |  213
74.0  |  1569
-75.0  |  98
-73.0  |  23
-74.0  |  42
77.0  |  419
-76.0  |  3024
76.0  |  475
78.0  |  2836
-78.0  |  45
79.0  |  2543
-77.0  |  40
-79.0  |  63
-80.0  |  3599
81.0  |  138
-81.0  |  28
83.0  |  294
80.0  |  643
-82.0  |  45
82.0  |  96
-83.0  |  26
85.0  |  3678
86.0  |  2988
-84.0  |  3049
-85.0  |  60
84.0  |  455
-86.0  |  146
-87.0  |  31
87.0  |  40
-88.0  |  3070
90.0  |  337
91.0  |  1535
89.0  |  269
-89.0  |  31
88.0  |  48
-91.0  |  47
-90.0  |  53
92.0  |  526559
-92.0  |  2921
95.0  |  286
-94.0  |  1517
93.0  |  46188
94.0  |  88
-93.0  |  1809
-95.0  |  24
96.0  |  593809
-96.0  |  4500
99.0  |  2171
-97.0  |  62
97.0  |  2351
-98.0  |  42
98.0  |  245
-99.0  |  79
100.0  |  2042869
-100.0  |  3092
101.0  |  483
-101.0  |  312
103.0  |  642
102.0  |  289
-103.0  |  51
-102.0  |  31
-104.0  |  567020
105.0  |  248
106.0  |  371
104.0  |  349
107.0  |  2051
-106.0  |  38
-105.0  |  40
-107.0  |  30
108.0  |  183859
-111.0  |  33
-108.0  |  3054
109.0  |  159
-109.0  |  44
111.0  |  124
-110.0  |  39
110.0  |  53
-112.0  |  3586
114.0  |  7071
115.0  |  1130
112.0  |  408
113.0  |  793
-114.0  |  104
-115.0  |  80
-113.0  |  39
116.0  |  532523
-116.0  |  3137
118.0  |  719
119.0  |  303
117.0  |  134
-117.0  |  22
-119.0  |  39
-118.0  |  40
-123.0  |  27315
123.0  |  154097
-120.0  |  2951
122.0  |  3016
121.0  |  1445
-122.0  |  1252
120.0  |  3341
-121.0  |  45
124.0  |  390
126.0  |  693
-126.0  |  348
-124.0  |  2755
127.0  |  481
125.0  |  390
-127.0  |  28
-125.0  |  31
128.0  |  563940
-128.0  |  540565
131.0  |  66
130.0  |  103
-129.0  |  51
-131.0  |  20
132.0  |  280
129.0  |  1347
134.0  |  413
135.0  |  992
-132.0  |  2875
-133.0  |  30
-130.0  |  355
133.0  |  257
-135.0  |  66
-134.0  |  37
139.0  |  68
137.0  |  17744
-136.0  |  565208
142.0  |  1421
143.0  |  3145
141.0  |  867
140.0  |  175
-140.0  |  2757
-142.0  |  44
-143.0  |  110
-137.0  |  318
138.0  |  85
136.0  |  1484
-139.0  |  22
-138.0  |  40
-141.0  |  30
144.0  |  1507
-144.0  |  1517209
151.0  |  8021
-148.0  |  2664
-149.0  |  50
-146.0  |  37
-147.0  |  54
150.0  |  680
145.0  |  49
147.0  |  423
149.0  |  1660
148.0  |  530
146.0  |  224
-145.0  |  21
-150.0  |  27
-151.0  |  791
-152.0  |  90911
152.0  |  10020
158.0  |  758
153.0  |  96
159.0  |  271
154.0  |  137
-153.0  |  30
-156.0  |  2741
-158.0  |  45
-159.0  |  596
156.0  |  757
155.0  |  361
157.0  |  583
-154.0  |  30
-155.0  |  45
-157.0  |  160
162.0  |  106
166.0  |  16299
164.0  |  1380
-160.0  |  2765
-164.0  |  3616
-163.0  |  41
-165.0  |  75
-162.0  |  29
-161.0  |  41
165.0  |  3445
-166.0  |  631
-167.0  |  42
160.0  |  11655
161.0  |  199
163.0  |  736
167.0  |  52
-168.0  |  2869
-172.0  |  5090
-171.0  |  50
-170.0  |  30
-173.0  |  57
170.0  |  932
-169.0  |  18
171.0  |  606
175.0  |  144
172.0  |  719
173.0  |  33
-175.0  |  30
169.0  |  342
174.0  |  66
168.0  |  65
-174.0  |  39
179.0  |  1604
-181.0  |  91853
-180.0  |  414625
180.0  |  2345478
178.0  |  790
-176.0  |  2570
-179.0  |  55
-178.0  |  51
-177.0  |  30
181.0  |  2046
183.0  |  109344
176.0  |  194
177.0  |  226
182.0  |  488
-183.0  |  18099
-182.0  |  37
186.0  |  369
-184.0  |  2643
-185.0  |  82
-186.0  |  117
-187.0  |  67
-189.0  |  282
-188.0  |  3407
-191.0  |  68
-190.0  |  88
189.0  |  3062
185.0  |  398
187.0  |  3889
190.0  |  74
191.0  |  118
188.0  |  1220
184.0  |  485
194.0  |  2584
195.0  |  2365
-196.0  |  3349
-198.0  |  94
-199.0  |  72
199.0  |  720
197.0  |  96
196.0  |  47
-192.0  |  2676
-193.0  |  68
192.0  |  1119
-195.0  |  450
193.0  |  932
198.0  |  295
-194.0  |  124
-197.0  |  72
201.0  |  2689
-200.0  |  1317073
-204.0  |  6369
-206.0  |  38
-207.0  |  25
-202.0  |  79
-203.0  |  76
-205.0  |  59
207.0  |  1101
206.0  |  199
200.0  |  473
-201.0  |  105
202.0  |  42
203.0  |  256
204.0  |  2059
205.0  |  1501
209.0  |  4106
-208.0  |  2721
213.0  |  272
-212.0  |  49189
-214.0  |  45
-215.0  |  101
215.0  |  4913
208.0  |  1664
211.0  |  1429
210.0  |  996
-209.0  |  84
-210.0  |  39
-213.0  |  34
-211.0  |  42
214.0  |  219
212.0  |  1840
218.0  |  125
217.0  |  113540
-216.0  |  43181
-217.0  |  2836
-219.0  |  322
216.0  |  3259
219.0  |  64
222.0  |  2405
223.0  |  1176
-218.0  |  707
221.0  |  455
220.0  |  131
-220.0  |  2750
-223.0  |  68
-222.0  |  34
-221.0  |  33
227.0  |  3740
231.0  |  5467
-224.0  |  3097
226.0  |  414
-225.0  |  28
230.0  |  2425
229.0  |  745
-228.0  |  2754
-231.0  |  64
-230.0  |  36
-229.0  |  40
-226.0  |  27
228.0  |  2203
224.0  |  90
225.0  |  62
-227.0  |  38
-232.0  |  2689
236.0  |  1381
237.0  |  1073
-236.0  |  2728
235.0  |  218
-239.0  |  28
-238.0  |  63
-235.0  |  31
-234.0  |  65
-237.0  |  87
233.0  |  997
238.0  |  362
239.0  |  149
232.0  |  588
234.0  |  906
-233.0  |  33
243.0  |  305
246.0  |  8434
-240.0  |  1126826
244.0  |  144635
247.0  |  74
-246.0  |  3287
242.0  |  149
-241.0  |  48021
245.0  |  2993
-244.0  |  2732
-242.0  |  49
-243.0  |  59
-245.0  |  47
-247.0  |  228
240.0  |  380
241.0  |  196
251.0  |  3770
-248.0  |  2076897
-252.0  |  2763
-255.0  |  39
-254.0  |  30
250.0  |  708
252.0  |  643
253.0  |  44
-253.0  |  144
-251.0  |  64
-250.0  |  55
-249.0  |  36
255.0  |  963
254.0  |  76
249.0  |  556
248.0  |  132
260.0  |  6785
265.0  |  842
266.0  |  698
267.0  |  62
259.0  |  1765
268.0  |  5097
264.0  |  448
271.0  |  203
270.0  |  129
269.0  |  152
-256.0  |  2733
-259.0  |  50
-257.0  |  55
-258.0  |  39
-260.0  |  2883
-261.0  |  32
-262.0  |  36
-263.0  |  39
-267.0  |  47
258.0  |  653
257.0  |  982
262.0  |  181
261.0  |  178
263.0  |  205
256.0  |  1601
-268.0  |  2763
-269.0  |  48
-271.0  |  26
-270.0  |  25
-264.0  |  2709
-266.0  |  64
-265.0  |  37
-275.0  |  10987
273.0  |  2265
274.0  |  8890
-272.0  |  2779
-276.0  |  3037
-277.0  |  33
-278.0  |  31
-279.0  |  44
-274.0  |  90
-273.0  |  56
279.0  |  560
272.0  |  1179
275.0  |  1136
287.0  |  545
285.0  |  385
284.0  |  230
286.0  |  345
281.0  |  3056
283.0  |  144
282.0  |  48
280.0  |  1168
278.0  |  1103
277.0  |  129
276.0  |  72
-283.0  |  35
-280.0  |  3655
-282.0  |  148
-281.0  |  41
-287.0  |  30
-286.0  |  53
-284.0  |  2568
-285.0  |  42
288.0  |  7275
-292.0  |  2905
-300.0  |  23638
-303.0  |  109
-302.0  |  59
-301.0  |  31
-296.0  |  2964
-298.0  |  35
-297.0  |  66
-299.0  |  21
301.0  |  742
291.0  |  7313
300.0  |  319
289.0  |  3865
290.0  |  81
302.0  |  2502
303.0  |  3670
297.0  |  2860
296.0  |  56
298.0  |  130
299.0  |  70
-289.0  |  356
295.0  |  2534
294.0  |  339
293.0  |  368
292.0  |  251
-291.0  |  87
-290.0  |  20
-288.0  |  2885
-294.0  |  32
-293.0  |  35
-295.0  |  42
308.0  |  535
305.0  |  57
-308.0  |  2903
304.0  |  160
311.0  |  74
310.0  |  2869
309.0  |  455
317.0  |  3150
316.0  |  998
307.0  |  475
306.0  |  172
-304.0  |  17574
-306.0  |  35
-307.0  |  32
-305.0  |  374
-309.0  |  61
-311.0  |  224
-310.0  |  52
-312.0  |  4750
-314.0  |  116
-315.0  |  39
-313.0  |  21
-319.0  |  40
-318.0  |  221
-316.0  |  2931
-317.0  |  64
315.0  |  267
314.0  |  12680
312.0  |  1094
313.0  |  93
319.0  |  127
318.0  |  1861
324.0  |  1752
320.0  |  2057960
325.0  |  10982
326.0  |  334
327.0  |  73
-333.0  |  14153
-334.0  |  234
-335.0  |  34
-324.0  |  2745
-331.0  |  76
-329.0  |  51
-330.0  |  52
-326.0  |  84
-325.0  |  69
-327.0  |  36
-321.0  |  59
-323.0  |  42
-322.0  |  38
-320.0  |  2957
-328.0  |  13791
332.0  |  1206
331.0  |  1633
330.0  |  767
335.0  |  4485
329.0  |  259
328.0  |  101
333.0  |  45
334.0  |  50
-332.0  |  2695
321.0  |  328
323.0  |  307
322.0  |  202
340.0  |  56467
349.0  |  405
-340.0  |  3554
-347.0  |  136
-346.0  |  79
-345.0  |  69
-341.0  |  33
-336.0  |  2783
-343.0  |  189
-337.0  |  1516
-339.0  |  45
-338.0  |  57
-342.0  |  43
346.0  |  1511
347.0  |  417
-344.0  |  5294
342.0  |  243
341.0  |  1402
-348.0  |  2746
-349.0  |  151
-350.0  |  40
-351.0  |  37
339.0  |  1160
348.0  |  749
338.0  |  953
336.0  |  245
337.0  |  84244
343.0  |  3737
345.0  |  933
351.0  |  159
350.0  |  191
344.0  |  544
-354.0  |  206
354.0  |  16971
-356.0  |  2839
360.0  |  55360
366.0  |  3317
364.0  |  2265
355.0  |  114
365.0  |  474
367.0  |  653
-362.0  |  12414
-361.0  |  49
-363.0  |  162
-360.0  |  4449
-352.0  |  2737
-353.0  |  35
-359.0  |  42
-357.0  |  31
-358.0  |  33
358.0  |  5291
356.0  |  70
-355.0  |  50
357.0  |  124
359.0  |  757
353.0  |  929
352.0  |  1048
-364.0  |  2801
-365.0  |  37
-366.0  |  1573
-367.0  |  44
363.0  |  137
361.0  |  161
362.0  |  45
-369.0  |  1350
369.0  |  10481
376.0  |  15131
377.0  |  235
379.0  |  120
378.0  |  138
-372.0  |  3188
-379.0  |  35
-378.0  |  94
-377.0  |  36
-368.0  |  3042
-374.0  |  46
-373.0  |  31
-375.0  |  33
383.0  |  12045
368.0  |  3861
375.0  |  603
372.0  |  315
-370.0  |  49
-371.0  |  41
373.0  |  811
374.0  |  439
-376.0  |  4211
382.0  |  2325
381.0  |  7846
370.0  |  298
371.0  |  945
380.0  |  256
-380.0  |  3049
-383.0  |  239
-382.0  |  58
-381.0  |  24
389.0  |  1321
-388.0  |  2977
-395.0  |  5469
-393.0  |  37
-394.0  |  40
-391.0  |  28
-389.0  |  39
-390.0  |  50
-384.0  |  2987
388.0  |  1027
-387.0  |  35
-386.0  |  30
-385.0  |  32
392.0  |  203
399.0  |  118
393.0  |  307
398.0  |  380
-392.0  |  3799
-396.0  |  2999
-397.0  |  47
-398.0  |  1407
-399.0  |  32
395.0  |  530
394.0  |  1460
397.0  |  2457
396.0  |  1287
386.0  |  191
385.0  |  82
391.0  |  81
390.0  |  36
384.0  |  48
387.0  |  2568
-400.0  |  2966
-408.0  |  38182
-412.0  |  3142
-413.0  |  39
-404.0  |  3009
-409.0  |  33
-410.0  |  39
-411.0  |  105
-405.0  |  98
-406.0  |  44
-407.0  |  43
411.0  |  4148
412.0  |  854
-415.0  |  32
-414.0  |  45
410.0  |  2918
409.0  |  275
408.0  |  124
415.0  |  460
414.0  |  109
413.0  |  57
404.0  |  3102
-403.0  |  35
-401.0  |  156
-402.0  |  32
402.0  |  397
403.0  |  456
401.0  |  347
400.0  |  238
407.0  |  85
406.0  |  147
405.0  |  515
-416.0  |  2945
-427.0  |  3176
-428.0  |  2958
-429.0  |  36
-430.0  |  118
-431.0  |  49
-424.0  |  8336
-425.0  |  41
-426.0  |  66
425.0  |  2164
426.0  |  1327
427.0  |  101
-420.0  |  2994
-422.0  |  33
-423.0  |  34
-421.0  |  65
417.0  |  1502
430.0  |  260
424.0  |  733
431.0  |  232
418.0  |  3130
428.0  |  1131
419.0  |  29
429.0  |  275
416.0  |  551
423.0  |  267
420.0  |  98
422.0  |  195
421.0  |  237
-417.0  |  47
-418.0  |  49
-419.0  |  56
438.0  |  535
434.0  |  17521
440.0  |  1803
441.0  |  74
442.0  |  38
443.0  |  135
-432.0  |  3091
-437.0  |  33
-439.0  |  44
-438.0  |  33
-433.0  |  48
437.0  |  187
436.0  |  72
-435.0  |  27
-434.0  |  299
-440.0  |  3056
-447.0  |  46
-441.0  |  99
-442.0  |  46
-443.0  |  33
447.0  |  1551
446.0  |  528
444.0  |  274
435.0  |  83
445.0  |  173
-436.0  |  3104
-446.0  |  43
-444.0  |  2993
-445.0  |  53
432.0  |  1027
439.0  |  1928
433.0  |  2948
452.0  |  222
-460.0  |  3060
-461.0  |  39
-463.0  |  463
-462.0  |  50
-456.0  |  6412
462.0  |  3015
463.0  |  11852
456.0  |  103
448.0  |  4458
451.0  |  2180
450.0  |  78
449.0  |  130
461.0  |  996
460.0  |  246
-448.0  |  3019
-454.0  |  65
-455.0  |  62
-450.0  |  37
-451.0  |  44
-449.0  |  33
-452.0  |  3040
-459.0  |  201
-457.0  |  49
-458.0  |  37
-453.0  |  4051
457.0  |  4803
459.0  |  135
458.0  |  258
454.0  |  978
453.0  |  896
455.0  |  728
-464.0  |  3065
477.0  |  5284
-470.0  |  68
-469.0  |  70
-471.0  |  40
468.0  |  892
-466.0  |  37
-465.0  |  44
-467.0  |  36
469.0  |  532
470.0  |  32
471.0  |  69
465.0  |  79
466.0  |  192
464.0  |  75
475.0  |  453
474.0  |  9119
473.0  |  154
479.0  |  162
478.0  |  774
472.0  |  348
-477.0  |  107
-476.0  |  3060
-468.0  |  3049
-472.0  |  3079
-478.0  |  34
-479.0  |  35
-474.0  |  83
-475.0  |  39
-473.0  |  33
476.0  |  2703
467.0  |  532
-485.0  |  3388
491.0  |  8765
492.0  |  1663
-484.0  |  2985
-490.0  |  37
-489.0  |  37
-491.0  |  60
-488.0  |  3372
490.0  |  812
494.0  |  74
493.0  |  46
495.0  |  816
488.0  |  149
489.0  |  445
-492.0  |  3689
-493.0  |  33
-494.0  |  33
-495.0  |  35
483.0  |  421
482.0  |  447
486.0  |  548
480.0  |  4842
487.0  |  137
484.0  |  413
485.0  |  350
-482.0  |  1744
-483.0  |  46
-487.0  |  27
-486.0  |  41
-480.0  |  3007
-481.0  |  37
481.0  |  411
503.0  |  3968
-496.0  |  2991
505.0  |  2515
-500.0  |  3000
-506.0  |  158
-507.0  |  27
-505.0  |  67
-501.0  |  43
-503.0  |  109
-502.0  |  43
-508.0  |  3076
-509.0  |  68
-511.0  |  30
-510.0  |  35
502.0  |  597
501.0  |  880
-497.0  |  194
-498.0  |  47
500.0  |  97
-499.0  |  77
506.0  |  3502
507.0  |  316
497.0  |  12259
496.0  |  523
511.0  |  274
504.0  |  527
510.0  |  397
508.0  |  340
499.0  |  53
509.0  |  397
498.0  |  2251
-504.0  |  2943
520.0  |  41642
-514.0  |  2970
542.0  |  3414
-540.0  |  3036
-542.0  |  64
-536.0  |  3205
-538.0  |  42
540.0  |  1967
536.0  |  200
538.0  |  284
528.0  |  21369
534.0  |  1365
532.0  |  495
530.0  |  357
-532.0  |  3216
-520.0  |  3370
-534.0  |  93
-522.0  |  38
-524.0  |  3148
-512.0  |  3148
-526.0  |  240
-528.0  |  7482
-530.0  |  39
-516.0  |  3122
-518.0  |  34
512.0  |  786
514.0  |  111
518.0  |  1157
516.0  |  80
526.0  |  4789
524.0  |  1820
522.0  |  73
552.0  |  258
570.0  |  2278
-550.0  |  1032
556.0  |  1186
554.0  |  360
-544.0  |  3755
-558.0  |  49
-546.0  |  96
-548.0  |  3010
562.0  |  913
566.0  |  144
564.0  |  3295
560.0  |  134
572.0  |  63
574.0  |  113
568.0  |  132
-552.0  |  3032
-554.0  |  40
-556.0  |  2991
546.0  |  223
558.0  |  69
544.0  |  67
-560.0  |  4197
-568.0  |  2918
-570.0  |  36
-572.0  |  3049
-574.0  |  39
-564.0  |  3128
-566.0  |  36
-562.0  |  41
548.0  |  1601
550.0  |  68
-584.0  |  3112
578.0  |  314
-588.0  |  3264
-590.0  |  43
-586.0  |  354
600.0  |  3030
582.0  |  596
580.0  |  147
-604.0  |  3065
-606.0  |  52
-592.0  |  5599
-596.0  |  3073
-598.0  |  37
-594.0  |  57
586.0  |  2778
588.0  |  1533
590.0  |  589
576.0  |  1135
-600.0  |  3076
-602.0  |  42
-576.0  |  3711
-578.0  |  464
584.0  |  754
-582.0  |  45
-580.0  |  3115
592.0  |  9411
598.0  |  530
594.0  |  656
596.0  |  92
606.0  |  634
602.0  |  66
604.0  |  394
618.0  |  268
-616.0  |  3090
614.0  |  2381
636.0  |  1943
638.0  |  379
-608.0  |  26332
624.0  |  64
626.0  |  342
-624.0  |  6367
-638.0  |  27
-626.0  |  66
-628.0  |  3120
-630.0  |  33
-620.0  |  3119
-618.0  |  41
-622.0  |  96
632.0  |  628
634.0  |  3223
-636.0  |  4002
-632.0  |  3129
-634.0  |  48
628.0  |  6063
630.0  |  71
620.0  |  339
622.0  |  126
608.0  |  90
-612.0  |  3096
616.0  |  1692
-614.0  |  63
-610.0  |  60
612.0  |  215
610.0  |  78
644.0  |  101
-646.0  |  59
-648.0  |  3038
666.0  |  8429
668.0  |  124
-666.0  |  31708
-664.0  |  3025
-656.0  |  5792
-668.0  |  3104
-670.0  |  35
-660.0  |  3129
-658.0  |  61
-662.0  |  56
658.0  |  149
662.0  |  715
660.0  |  227
656.0  |  1662
670.0  |  680
-644.0  |  3221
-642.0  |  70
664.0  |  669
646.0  |  225
642.0  |  2006
640.0  |  727
652.0  |  96
654.0  |  207
650.0  |  7010
648.0  |  206
-640.0  |  8661
-652.0  |  2919
-654.0  |  37
-650.0  |  51
-676.0  |  3027
-680.0  |  3608
-672.0  |  5927
-686.0  |  101
-674.0  |  157
-688.0  |  18245
-702.0  |  385
-692.0  |  3031
-690.0  |  41
-694.0  |  432
-700.0  |  3004
-696.0  |  3068
-698.0  |  68
-684.0  |  3007
-682.0  |  39
680.0  |  12776
-678.0  |  20
682.0  |  66
684.0  |  729
686.0  |  629
672.0  |  823
678.0  |  1130
698.0  |  412
696.0  |  134
674.0  |  10312
676.0  |  114
694.0  |  11079
692.0  |  614
690.0  |  136
702.0  |  1618
688.0  |  68
700.0  |  446
712.0  |  381
-724.0  |  45634
730.0  |  2859
728.0  |  242
710.0  |  40
732.0  |  141
720.0  |  491
734.0  |  132
-722.0  |  62
-712.0  |  2906
-714.0  |  30
-726.0  |  17617
-716.0  |  3146
-728.0  |  3028
-730.0  |  45
-732.0  |  3219
-734.0  |  34
-720.0  |  3145
722.0  |  1662
724.0  |  863
726.0  |  2208
708.0  |  3094
716.0  |  28
714.0  |  401
718.0  |  1811
706.0  |  712
704.0  |  102
-708.0  |  3140
-710.0  |  47
-706.0  |  35
-704.0  |  3100
-718.0  |  39
-740.0  |  3152
762.0  |  116
-736.0  |  3172
760.0  |  9829
742.0  |  4072
740.0  |  126
-760.0  |  4657
-762.0  |  36
764.0  |  1014
752.0  |  1852
766.0  |  720
758.0  |  2008
756.0  |  167
754.0  |  303
-738.0  |  222
738.0  |  234
736.0  |  1280
750.0  |  1176
748.0  |  1796
-764.0  |  3025
-756.0  |  3185
-758.0  |  62
-744.0  |  2970
-748.0  |  3147
-746.0  |  26
-750.0  |  32
-752.0  |  3058
-766.0  |  62
-754.0  |  42
744.0  |  1523
-742.0  |  49
746.0  |  753
-782.0  |  34
780.0  |  500
782.0  |  5612
-776.0  |  3143
-790.0  |  326
-780.0  |  3082
-778.0  |  32
-768.0  |  3065
-770.0  |  41
774.0  |  7014
788.0  |  13962
790.0  |  67
798.0  |  307
786.0  |  1004
784.0  |  287
794.0  |  2044
792.0  |  1134
796.0  |  40
-796.0  |  3189
-792.0  |  2971
-794.0  |  85
-786.0  |  39
-784.0  |  18104
-798.0  |  23
-788.0  |  3385
772.0  |  876
770.0  |  1561
768.0  |  86
-772.0  |  3099
778.0  |  385
-774.0  |  194
776.0  |  207
-812.0  |  3120
-804.0  |  2939
-806.0  |  54
816.0  |  3160
820.0  |  140
822.0  |  554
818.0  |  193
-818.0  |  7482
-800.0  |  3080
-814.0  |  31
-802.0  |  67
-824.0  |  4207
-826.0  |  49
-808.0  |  10725
-810.0  |  40
-822.0  |  34
-820.0  |  3197
-828.0  |  3130
-830.0  |  42
-816.0  |  3115
830.0  |  1120
828.0  |  26335
806.0  |  212
824.0  |  11792
826.0  |  113
802.0  |  2947
804.0  |  60
800.0  |  420
814.0  |  493
808.0  |  379
812.0  |  148
810.0  |  62
-832.0  |  3309
-848.0  |  3338
-856.0  |  4698
-858.0  |  45
-860.0  |  3193
-862.0  |  29
-844.0  |  3092
-846.0  |  90
-852.0  |  3074
-850.0  |  38
-854.0  |  577
-840.0  |  5345
-842.0  |  41
854.0  |  20308
850.0  |  251
852.0  |  865
844.0  |  740
-836.0  |  3076
-834.0  |  139
-838.0  |  40
840.0  |  577
842.0  |  111
858.0  |  394
860.0  |  1282
862.0  |  645
848.0  |  74
838.0  |  2646
836.0  |  214
856.0  |  197
832.0  |  4008
834.0  |  9414
846.0  |  1557
878.0  |  3278
884.0  |  561
886.0  |  380
882.0  |  4636
880.0  |  3497
892.0  |  139
894.0  |  231
-876.0  |  11162
-888.0  |  53111
-890.0  |  100
-892.0  |  3001
874.0  |  1142
876.0  |  55
872.0  |  11141
-870.0  |  33
866.0  |  684
864.0  |  227
-868.0  |  3448
-864.0  |  3006
-866.0  |  41
-878.0  |  28
-872.0  |  10323
-874.0  |  57
-886.0  |  211
-884.0  |  3035
-880.0  |  3649
-894.0  |  34
-882.0  |  56
868.0  |  14232
870.0  |  52
890.0  |  128
888.0  |  426
-908.0  |  3098
-924.0  |  3195
-926.0  |  180
910.0  |  1060
908.0  |  942
906.0  |  168
904.0  |  45
-902.0  |  38
-900.0  |  3147
-896.0  |  3103
-898.0  |  48
-910.0  |  46
-904.0  |  10772
-906.0  |  164
-912.0  |  4400
-916.0  |  3054
-914.0  |  39
-918.0  |  51
-920.0  |  6478
-922.0  |  30
902.0  |  905
924.0  |  6439
922.0  |  135
920.0  |  170
926.0  |  4418
912.0  |  953
914.0  |  198
918.0  |  3196
916.0  |  452
896.0  |  2123
900.0  |  237
898.0  |  57
-948.0  |  3226
940.0  |  1679
-936.0  |  11975
948.0  |  14485
950.0  |  88
-952.0  |  117195
-954.0  |  103
-956.0  |  3126
-944.0  |  3200
-946.0  |  32
-958.0  |  35
-950.0  |  48
-928.0  |  2968
-942.0  |  32
-930.0  |  44
944.0  |  316
954.0  |  1631
958.0  |  280
956.0  |  197
952.0  |  508
-932.0  |  3117
938.0  |  830
936.0  |  203
-934.0  |  44
932.0  |  7265
934.0  |  96
930.0  |  1250
928.0  |  84
942.0  |  779
946.0  |  1566
-940.0  |  3211
-938.0  |  2757
972.0  |  226
-982.0  |  46
960.0  |  557
-964.0  |  3110
-984.0  |  3195
-986.0  |  36
-976.0  |  2993
-990.0  |  61
-988.0  |  3112
-968.0  |  72971
-980.0  |  3106
-978.0  |  36
968.0  |  986
-966.0  |  45
970.0  |  104
974.0  |  234
980.0  |  161
982.0  |  1025
-970.0  |  2424
-972.0  |  3121
-974.0  |  29
-960.0  |  3097
-962.0  |  65
962.0  |  4276
966.0  |  199
984.0  |  44
964.0  |  59
986.0  |  386
988.0  |  4671
976.0  |  1670
978.0  |  54
990.0  |  5432
1004.0  |  949
1000.0  |  693
1002.0  |  208
-998.0  |  34
1012.0  |  2245
1014.0  |  154
1010.0  |  691
-996.0  |  4690
-1016.0  |  3151
1020.0  |  3684
1008.0  |  141
1022.0  |  326
1006.0  |  2005
994.0  |  4021
992.0  |  483
996.0  |  556
1018.0  |  436
998.0  |  400
1016.0  |  635
-992.0  |  2944
-994.0  |  64
-1004.0  |  3029
-1002.0  |  117
-1006.0  |  475
-1012.0  |  3030
-1008.0  |  3116
-1010.0  |  36
-1022.0  |  34
-1000.0  |  3877
-1014.0  |  49
-1020.0  |  3192
-1018.0  |  39
-1052.0  |  3229
-1064.0  |  3504
1032.0  |  772
1072.0  |  66
1036.0  |  52
-1056.0  |  3067
-1068.0  |  3361
-1060.0  |  3184
-1072.0  |  3088
-1076.0  |  3056
-1084.0  |  3139
-1080.0  |  3118
1076.0  |  963
1064.0  |  54
1068.0  |  345
1060.0  |  318
-1036.0  |  3068
1040.0  |  3431
1044.0  |  319
1048.0  |  2827
1052.0  |  287
1024.0  |  362
1028.0  |  128
-1024.0  |  3109
-1040.0  |  3266
-1044.0  |  2963
-1048.0  |  3173
-1028.0  |  5204
-1032.0  |  3063
1084.0  |  1481
1080.0  |  190
1056.0  |  4842
-1088.0  |  19597
-1100.0  |  3410
-1104.0  |  5581
-1096.0  |  2907
-1092.0  |  3585
-1116.0  |  3123
-1108.0  |  3092
-1112.0  |  3138
-1132.0  |  3043
-1136.0  |  53466
-1120.0  |  9813
-1144.0  |  3069
-1148.0  |  3601
-1128.0  |  3053
-1124.0  |  3101
-1140.0  |  3003
1120.0  |  909
1124.0  |  104
1148.0  |  3272
1132.0  |  292
1128.0  |  2468
1100.0  |  17905
1140.0  |  399
1144.0  |  82
1136.0  |  8154
1112.0  |  665
1096.0  |  583
1092.0  |  314
1116.0  |  64
1088.0  |  110
1104.0  |  661
1108.0  |  734
-1196.0  |  3029
-1180.0  |  8823
-1152.0  |  325702
-1200.0  |  64095
-1204.0  |  3111
-1208.0  |  3288
-1184.0  |  19479
-1212.0  |  3127
-1188.0  |  3107
-1192.0  |  3104
-1168.0  |  208057
-1176.0  |  3044
-1172.0  |  3079
-1160.0  |  3111
-1156.0  |  3178
-1164.0  |  3094
1180.0  |  7860
1152.0  |  389
1176.0  |  293
1172.0  |  167
1168.0  |  183
1156.0  |  2275
1208.0  |  6907
1204.0  |  152
1200.0  |  603
1160.0  |  239
1164.0  |  2988
1184.0  |  765
1188.0  |  9113
1192.0  |  1302
1196.0  |  64
1212.0  |  631
-1232.0  |  3052
-1216.0  |  49876
-1264.0  |  3304
-1268.0  |  3055
-1272.0  |  3016
-1276.0  |  3038
1272.0  |  1713
1268.0  |  1890
1252.0  |  257
1248.0  |  131
1276.0  |  84
1260.0  |  305
1256.0  |  552
-1248.0  |  3140
-1252.0  |  3199
-1256.0  |  3073
-1260.0  |  3110
-1236.0  |  3036
-1244.0  |  3168
-1240.0  |  5793
-1220.0  |  3070
-1224.0  |  2959
-1228.0  |  3064
1228.0  |  567
1264.0  |  951
1220.0  |  386
1216.0  |  292
1224.0  |  50
1244.0  |  2810
1236.0  |  1764
1232.0  |  1987
1240.0  |  2332
1284.0  |  1604
1288.0  |  8566
-1336.0  |  3000
-1312.0  |  3134
-1340.0  |  3020
-1332.0  |  7821
-1328.0  |  3132
1280.0  |  1254
1308.0  |  4898
1292.0  |  387
1312.0  |  546
1340.0  |  127
1336.0  |  541
1328.0  |  203
1332.0  |  200
1316.0  |  2598
1320.0  |  352
1324.0  |  67
-1300.0  |  3070
-1304.0  |  3294
-1308.0  |  3145
-1320.0  |  3087
-1324.0  |  3102
-1296.0  |  4623
-1292.0  |  2924
1300.0  |  433
1304.0  |  145
1296.0  |  106
-1280.0  |  4031
-1284.0  |  3069
-1288.0  |  3029
-1316.0  |  3134
-1352.0  |  2966
-1380.0  |  2987
-1376.0  |  3028
-1348.0  |  4232
1360.0  |  1673
-1356.0  |  2953
1396.0  |  9241
1352.0  |  3812
1356.0  |  143
1392.0  |  189
1348.0  |  13771
1400.0  |  181
1376.0  |  651
1404.0  |  32
1344.0  |  1792
1388.0  |  12128987
1384.0  |  49
1380.0  |  526
1368.0  |  16884
1364.0  |  274
1372.0  |  323
-1368.0  |  39446
-1364.0  |  3328
-1344.0  |  3130
-1372.0  |  3073
-1400.0  |  38944
-1404.0  |  3240
-1396.0  |  3342
-1392.0  |  3145
-1360.0  |  3128
-1388.0  |  432652
-1384.0  |  10072
-1432.0  |  3160
-1420.0  |  3146
1424.0  |  819
1428.0  |  72
-1416.0  |  15192
-1448.0  |  17488218
1448.0  |  24063450
-1444.0  |  3226
-1440.0  |  3166
-1424.0  |  3035
-1436.0  |  3323
-1408.0  |  3095
-1412.0  |  3158
-1428.0  |  3168
1420.0  |  128
1440.0  |  3899
1444.0  |  410
1416.0  |  442
1408.0  |  415
1436.0  |  620
1412.0  |  52
1432.0  |  2494
1041.0  |  1511
1029.0  |  121
-1057.0  |  609107
-1081.0  |  32
-1077.0  |  53
-1073.0  |  36
-1085.0  |  82
1057.0  |  386024
1065.0  |  69
1061.0  |  1933
1069.0  |  958
1033.0  |  1737
1037.0  |  134
1073.0  |  486
1045.0  |  271
1049.0  |  679
1053.0  |  214
1025.0  |  329
-1061.0  |  49
-1065.0  |  40
-1025.0  |  699
-1049.0  |  99
-1053.0  |  29
-1041.0  |  45
-1045.0  |  47
-1029.0  |  57
-1037.0  |  31
-1033.0  |  35
-1069.0  |  229
1077.0  |  1219
1081.0  |  203
1085.0  |  7116
1105.0  |  636
1093.0  |  36
1149.0  |  1599
1145.0  |  141
-1093.0  |  709
-1097.0  |  40
-1101.0  |  37
-1121.0  |  770
-1141.0  |  38
-1137.0  |  61
-1145.0  |  33
-1149.0  |  32
-1089.0  |  73
-1117.0  |  38
-1113.0  |  54
-1109.0  |  25
-1105.0  |  57
-1133.0  |  33
-1125.0  |  75
-1129.0  |  253
1121.0  |  4007
1133.0  |  354
1129.0  |  745
1125.0  |  2163
1141.0  |  1019
1097.0  |  346
1137.0  |  162
1101.0  |  5036
1109.0  |  129
1117.0  |  111
1113.0  |  1936
1089.0  |  447
-1165.0  |  171
1181.0  |  373749
1153.0  |  173
-1209.0  |  21824
-1213.0  |  32
-1205.0  |  43
-1201.0  |  61
-1197.0  |  29
-1169.0  |  193
-1173.0  |  27
-1177.0  |  37
-1181.0  |  77
-1157.0  |  75
-1161.0  |  36
-1153.0  |  45
-1185.0  |  369
-1193.0  |  59
-1189.0  |  48
1177.0  |  616
1173.0  |  44
1169.0  |  756
1165.0  |  11709
1157.0  |  1058
1161.0  |  214
1193.0  |  5552
1197.0  |  163
1189.0  |  223
1205.0  |  699
1201.0  |  40
1213.0  |  519
1209.0  |  2282
1185.0  |  973
1237.0  |  3657
1229.0  |  2128
-1245.0  |  364
-1241.0  |  35
-1217.0  |  178
1233.0  |  149
-1225.0  |  23
-1221.0  |  42
-1229.0  |  60
-1269.0  |  9843
-1265.0  |  41
-1273.0  |  40
-1261.0  |  27
-1233.0  |  19
-1277.0  |  29
-1249.0  |  33
-1253.0  |  23
-1257.0  |  28
-1237.0  |  249
1249.0  |  363
1257.0  |  1904
1253.0  |  59
1261.0  |  1021
1221.0  |  846
1225.0  |  63
1217.0  |  2979
1273.0  |  1483
1265.0  |  1021
1269.0  |  263
1277.0  |  148
1241.0  |  459
1245.0  |  1366
-1285.0  |  49
1281.0  |  141
1293.0  |  869
1285.0  |  3396
1289.0  |  358
1309.0  |  574
1305.0  |  102
1317.0  |  3791
1325.0  |  22259
1321.0  |  285122
1301.0  |  797
-1317.0  |  244
-1333.0  |  179
-1329.0  |  22
-1313.0  |  36
-1341.0  |  31
-1337.0  |  51
1297.0  |  193
-1289.0  |  40
-1293.0  |  50
-1281.0  |  95
-1309.0  |  40
-1305.0  |  21
-1297.0  |  35
-1301.0  |  82
-1325.0  |  48
-1321.0  |  22
1337.0  |  858
1333.0  |  121
1313.0  |  272
1341.0  |  109
1329.0  |  2296
1361.0  |  86
-1361.0  |  5458
-1385.0  |  59
-1389.0  |  50
-1401.0  |  33
-1405.0  |  33
-1377.0  |  126
-1381.0  |  35
-1397.0  |  552
-1393.0  |  35
1365.0  |  245
-1353.0  |  40
-1357.0  |  28
-1349.0  |  32
-1345.0  |  72
-1373.0  |  41
-1365.0  |  36
-1369.0  |  32
1397.0  |  11662
1393.0  |  121
1345.0  |  2644
1349.0  |  306
1357.0  |  231
1353.0  |  102
1373.0  |  1438
1369.0  |  856
1381.0  |  1683
1389.0  |  238
1385.0  |  116
1401.0  |  565
1405.0  |  71
1377.0  |  3485
1425.0  |  5270
1417.0  |  530
-1409.0  |  24
-1437.0  |  32
-1425.0  |  49
-1429.0  |  25
-1441.0  |  27
-1445.0  |  28
-1433.0  |  66
1445.0  |  238
1437.0  |  390
1409.0  |  404
1413.0  |  38
1429.0  |  370
1433.0  |  48
1421.0  |  100
1441.0  |  45
-1417.0  |  91
-1421.0  |  30
-1413.0  |  31
521.0  |  171
519.0  |  1800
-543.0  |  2819823
-539.0  |  28
-537.0  |  28
-541.0  |  34
543.0  |  763887
531.0  |  242
529.0  |  157
541.0  |  4191
539.0  |  216
537.0  |  125
533.0  |  938
535.0  |  496
-525.0  |  34
-515.0  |  37
-527.0  |  38
-513.0  |  58
-517.0  |  136
-519.0  |  47
-535.0  |  106
-533.0  |  34
-531.0  |  45
-529.0  |  40
-521.0  |  545
-523.0  |  34
515.0  |  131
517.0  |  201
513.0  |  69
527.0  |  1463
525.0  |  767
523.0  |  138
557.0  |  34306
549.0  |  4700
551.0  |  86
553.0  |  368
555.0  |  1413
-557.0  |  304
-549.0  |  576
-547.0  |  49
-545.0  |  47
-559.0  |  25
-551.0  |  36
563.0  |  645
565.0  |  1207
567.0  |  167
575.0  |  423
561.0  |  681
571.0  |  5562
573.0  |  74
569.0  |  822
-553.0  |  49
-555.0  |  87
-567.0  |  33
-563.0  |  57
-561.0  |  46
-565.0  |  36
-575.0  |  81
-569.0  |  35
-571.0  |  85
-573.0  |  29
547.0  |  2844
559.0  |  356
545.0  |  103
-579.0  |  1105
581.0  |  139
585.0  |  2821
-581.0  |  40
-583.0  |  33
587.0  |  13868
583.0  |  309
601.0  |  49
605.0  |  1468
603.0  |  193
589.0  |  180
591.0  |  415
577.0  |  595
579.0  |  38
-603.0  |  47
-605.0  |  51
-601.0  |  40
-595.0  |  34
-597.0  |  26
-599.0  |  70
-593.0  |  60
-591.0  |  29
-577.0  |  60
-587.0  |  34
-589.0  |  36
-585.0  |  60
-607.0  |  983
607.0  |  15689
593.0  |  1875
595.0  |  145
597.0  |  221
599.0  |  2642
-613.0  |  51
615.0  |  534
637.0  |  121025
627.0  |  891
639.0  |  422
625.0  |  185
-627.0  |  53
-625.0  |  53
-639.0  |  29
-629.0  |  82
-619.0  |  41
-617.0  |  58
-631.0  |  33
-623.0  |  59
-621.0  |  41
-609.0  |  56
-611.0  |  60
633.0  |  265
635.0  |  1220
-635.0  |  36
-633.0  |  45
-637.0  |  10616
629.0  |  1271
631.0  |  102
-615.0  |  252
617.0  |  650
619.0  |  293
621.0  |  12306
623.0  |  159
609.0  |  271
613.0  |  2432
611.0  |  2052
649.0  |  865
671.0  |  905
-663.0  |  39
-657.0  |  91
-665.0  |  600
-671.0  |  81
-669.0  |  42
-667.0  |  32
-661.0  |  29
-659.0  |  33
657.0  |  2871
659.0  |  50
661.0  |  462
663.0  |  698
-643.0  |  69
-645.0  |  32
-647.0  |  35
-653.0  |  42
-655.0  |  46
-641.0  |  36
665.0  |  16427
669.0  |  277
667.0  |  85
647.0  |  196
643.0  |  1307
645.0  |  107
651.0  |  13795
653.0  |  45
655.0  |  818
641.0  |  407
-651.0  |  167
-649.0  |  39
685.0  |  769
-695.0  |  45901
-683.0  |  28
-681.0  |  36
-691.0  |  41
-689.0  |  25
-693.0  |  42
-697.0  |  6906
-701.0  |  43
-699.0  |  42
-703.0  |  211
695.0  |  2183
-685.0  |  37
679.0  |  4406
-673.0  |  231
-687.0  |  65
-675.0  |  46
-677.0  |  27
-679.0  |  68
683.0  |  427
681.0  |  61
675.0  |  209
687.0  |  32
673.0  |  76
677.0  |  465
701.0  |  3410
703.0  |  2818
689.0  |  153
693.0  |  1341
691.0  |  273
699.0  |  400
697.0  |  86103
715.0  |  1773
729.0  |  1194
731.0  |  411993
733.0  |  52
735.0  |  462
721.0  |  475
-723.0  |  199
-731.0  |  1141
-729.0  |  61
-735.0  |  31
-721.0  |  31
-733.0  |  29
723.0  |  6842
727.0  |  367
725.0  |  2695
717.0  |  169
719.0  |  2064
705.0  |  115
-709.0  |  571
-719.0  |  38
-707.0  |  42
-705.0  |  40
-717.0  |  38
-713.0  |  39
-727.0  |  29
-725.0  |  45
-715.0  |  62
713.0  |  467
-711.0  |  34
709.0  |  2378
711.0  |  60
707.0  |  835
745.0  |  5063
737.0  |  1501
765.0  |  6419
759.0  |  1634
757.0  |  277
753.0  |  124
755.0  |  249
767.0  |  58
743.0  |  1029
763.0  |  149
761.0  |  134
741.0  |  3420
739.0  |  44
751.0  |  929
747.0  |  977
749.0  |  212
-755.0  |  21704
-761.0  |  205
-763.0  |  35
-767.0  |  119
-765.0  |  64
-753.0  |  32
-749.0  |  32
-737.0  |  61
-751.0  |  76
-747.0  |  39
-745.0  |  104
-759.0  |  49
-757.0  |  37
-739.0  |  42
-743.0  |  38
-741.0  |  33
769.0  |  1018
793.0  |  627
-789.0  |  3053
-787.0  |  57
-799.0  |  22
-797.0  |  34
-785.0  |  24
-795.0  |  44
-793.0  |  44
-791.0  |  31
775.0  |  224
789.0  |  1246
791.0  |  132
795.0  |  18702
797.0  |  133
787.0  |  1807
785.0  |  124
799.0  |  368
773.0  |  1365
779.0  |  909
781.0  |  64
783.0  |  189
777.0  |  263
-783.0  |  46
-769.0  |  34
-775.0  |  43
-771.0  |  54
-773.0  |  38
-781.0  |  46
-777.0  |  58
-779.0  |  40
771.0  |  2020
813.0  |  78
807.0  |  400
817.0  |  3107
821.0  |  443
819.0  |  46
823.0  |  490
831.0  |  2751
829.0  |  268
827.0  |  105
825.0  |  44
-813.0  |  41
-801.0  |  41
-815.0  |  35
-819.0  |  297
-817.0  |  78
-809.0  |  53
-823.0  |  57
-821.0  |  30
-811.0  |  69
-803.0  |  265
-831.0  |  109
-825.0  |  175
-829.0  |  44
-827.0  |  50
803.0  |  3116
805.0  |  14794
801.0  |  718
815.0  |  1026
809.0  |  3653
-805.0  |  39
-807.0  |  33
811.0  |  6039
845.0  |  2258
-861.0  |  102
-851.0  |  524
-849.0  |  19
-863.0  |  141
-855.0  |  45
-853.0  |  45
-857.0  |  188
-859.0  |  47
-847.0  |  8632
-841.0  |  35
-845.0  |  66
-843.0  |  29
853.0  |  1445
855.0  |  5127
851.0  |  304906
843.0  |  289
-833.0  |  26
-835.0  |  48
-837.0  |  40
-839.0  |  59
841.0  |  77
849.0  |  2808
857.0  |  12271
839.0  |  143
859.0  |  1032
861.0  |  1144
863.0  |  826
835.0  |  321
833.0  |  109
847.0  |  63
837.0  |  252
873.0  |  765
867.0  |  1032
883.0  |  12634
887.0  |  777
885.0  |  820
881.0  |  569
-889.0  |  65
-891.0  |  45
-893.0  |  30
-881.0  |  50
-895.0  |  34
877.0  |  130
875.0  |  197
879.0  |  366
865.0  |  168
895.0  |  23116
-883.0  |  956
-871.0  |  47
-869.0  |  62
-885.0  |  36
-879.0  |  44
-865.0  |  32
-875.0  |  55
-873.0  |  36
-877.0  |  142
-887.0  |  39
-867.0  |  42
871.0  |  84
869.0  |  143
893.0  |  103
889.0  |  668
891.0  |  183
909.0  |  633
911.0  |  3063
-905.0  |  6696
-907.0  |  75
-919.0  |  80
-915.0  |  95
-917.0  |  38
-909.0  |  1304
-897.0  |  201
-911.0  |  55
-899.0  |  24
907.0  |  460
-901.0  |  37
-903.0  |  56
905.0  |  68
-913.0  |  36
-927.0  |  50
-923.0  |  33
-921.0  |  62
-925.0  |  85
925.0  |  3539
903.0  |  379
921.0  |  98
923.0  |  280
901.0  |  8997
899.0  |  82
897.0  |  12437
915.0  |  426
913.0  |  151
927.0  |  45
917.0  |  840
919.0  |  401
943.0  |  194
953.0  |  1844
949.0  |  96
951.0  |  136
947.0  |  2699
-941.0  |  2071
-943.0  |  37
-931.0  |  35
-929.0  |  45
-939.0  |  39
-955.0  |  102
-953.0  |  43
-945.0  |  46
-957.0  |  33
-959.0  |  40
-949.0  |  28
-951.0  |  51
-937.0  |  44
-947.0  |  40
955.0  |  131
957.0  |  152
959.0  |  256
945.0  |  208
939.0  |  1751
937.0  |  302
-935.0  |  77
941.0  |  66
-933.0  |  37
935.0  |  206
933.0  |  32
931.0  |  1297
929.0  |  420
973.0  |  163
-989.0  |  44
-987.0  |  32
-985.0  |  41
-991.0  |  130
-977.0  |  389
969.0  |  791
971.0  |  2683
-963.0  |  22
-975.0  |  21
-969.0  |  49
-973.0  |  54
-971.0  |  45
-983.0  |  78
-981.0  |  36
-979.0  |  33
-961.0  |  43
-967.0  |  2540
-965.0  |  43
975.0  |  1213
961.0  |  3377
977.0  |  11507
979.0  |  112
981.0  |  547
983.0  |  620
967.0  |  1035
965.0  |  1568
963.0  |  129
989.0  |  457
987.0  |  164
985.0  |  64
991.0  |  5179
1005.0  |  5810
1019.0  |  4384
-999.0  |  2387
-1011.0  |  108
-1013.0  |  63
-1015.0  |  25
-1001.0  |  29
-1003.0  |  25
-995.0  |  44
-997.0  |  34
-1005.0  |  65
-1007.0  |  35
-993.0  |  26
-1009.0  |  26
-1021.0  |  41
-1023.0  |  71
-1017.0  |  73
-1019.0  |  63
1001.0  |  120
1003.0  |  332
1009.0  |  588
1011.0  |  8314
1015.0  |  854
1013.0  |  57
1023.0  |  484
1021.0  |  297
995.0  |  368
997.0  |  475
1017.0  |  2184
999.0  |  296
1007.0  |  71
993.0  |  153
1034.0  |  18243
-1086.0  |  328824
-1058.0  |  41
-1062.0  |  60
-1046.0  |  86
-1042.0  |  50
-1070.0  |  46
-1050.0  |  39
-1066.0  |  38
-1030.0  |  89
-1034.0  |  281
-1038.0  |  44
1042.0  |  63
-1026.0  |  53
-1054.0  |  74
-1074.0  |  47
-1078.0  |  76
-1082.0  |  37
1070.0  |  1192
1066.0  |  303
1062.0  |  1776
1058.0  |  63
1038.0  |  1278
1074.0  |  110
1078.0  |  3217
1082.0  |  218
1026.0  |  700
1050.0  |  168
1054.0  |  574
1030.0  |  64
1046.0  |  447
1086.0  |  6307
1114.0  |  4320
1146.0  |  538
-1130.0  |  45
-1122.0  |  739
-1126.0  |  34
-1150.0  |  706
-1138.0  |  39
-1142.0  |  73
-1146.0  |  32
1122.0  |  73
1150.0  |  3065
1134.0  |  443
1130.0  |  1444
1126.0  |  263
1142.0  |  5261
1102.0  |  1527
1138.0  |  73
1106.0  |  782
-1102.0  |  46
-1098.0  |  72
1110.0  |  91
-1094.0  |  42
-1110.0  |  41
-1134.0  |  45
-1106.0  |  58
-1114.0  |  96
-1090.0  |  37
-1118.0  |  55
1118.0  |  429
1090.0  |  941
1094.0  |  159
1098.0  |  738
1178.0  |  861
-1170.0  |  267
-1206.0  |  44
-1202.0  |  31
-1210.0  |  23
-1214.0  |  72
-1186.0  |  338
-1194.0  |  449
-1190.0  |  39
-1198.0  |  34
1198.0  |  789
1194.0  |  9375
1170.0  |  1166
-1158.0  |  172
-1154.0  |  54
-1182.0  |  39
-1174.0  |  30
-1178.0  |  34
-1162.0  |  43
-1166.0  |  33
1174.0  |  140
1206.0  |  488
1162.0  |  189
1202.0  |  52
1166.0  |  84
1158.0  |  118
1182.0  |  475
1154.0  |  792
1186.0  |  1024
1190.0  |  107
1214.0  |  470
1210.0  |  86
1234.0  |  328
1270.0  |  307
1222.0  |  6508
-1266.0  |  142
-1270.0  |  31
-1274.0  |  1749
1274.0  |  120125
1258.0  |  1713
1262.0  |  14959
1278.0  |  822
1250.0  |  1140
1254.0  |  392
-1238.0  |  25380
-1246.0  |  178
-1242.0  |  30
-1218.0  |  37
-1234.0  |  32
-1262.0  |  35
-1258.0  |  40
-1250.0  |  42
-1278.0  |  36
-1254.0  |  17
-1226.0  |  38
-1230.0  |  43
-1222.0  |  60
1266.0  |  2599
1226.0  |  384
1230.0  |  36
1218.0  |  136
1246.0  |  184
1242.0  |  232
1238.0  |  902
1330.0  |  4209
1302.0  |  6441
-1294.0  |  72
-1290.0  |  27
-1286.0  |  38
1298.0  |  126
1306.0  |  420
1282.0  |  55
1310.0  |  39
1286.0  |  2705
1294.0  |  510
1290.0  |  188
1338.0  |  6554
1342.0  |  206
1334.0  |  114
1322.0  |  417
1326.0  |  144
1318.0  |  80
1314.0  |  771
-1282.0  |  28
-1298.0  |  9420
-1314.0  |  42
-1318.0  |  26
-1326.0  |  38
-1322.0  |  30
-1342.0  |  30
-1330.0  |  54
-1334.0  |  23
-1338.0  |  37
-1310.0  |  115
-1302.0  |  67
-1306.0  |  34
-1354.0  |  70
1358.0  |  920
-1346.0  |  181
-1350.0  |  27
-1370.0  |  24
-1374.0  |  73
1350.0  |  238
1354.0  |  3668
1394.0  |  325
1398.0  |  44
1402.0  |  725
1406.0  |  175
1346.0  |  860
1374.0  |  1133
1370.0  |  173
1366.0  |  846
-1358.0  |  36
1362.0  |  57
1386.0  |  255
1390.0  |  43
1382.0  |  8012
1378.0  |  230
-1390.0  |  5353
-1362.0  |  137
-1378.0  |  47
-1386.0  |  70
-1382.0  |  110
-1406.0  |  30
-1398.0  |  29
-1394.0  |  16
-1402.0  |  46
-1366.0  |  41
1434.0  |  123
1422.0  |  130
1446.0  |  1009
1442.0  |  58
-1426.0  |  779
-1442.0  |  34
-1446.0  |  35
-1430.0  |  28
-1410.0  |  61
-1438.0  |  33
-1414.0  |  33
-1418.0  |  81
-1422.0  |  28
-1434.0  |  34
1426.0  |  1249
1410.0  |  2054
1414.0  |  103
1418.0  |  31
1438.0  |  506
1430.0  |  419
1031.0  |  377
-1083.0  |  34
-1079.0  |  36
-1075.0  |  58
-1063.0  |  465
-1067.0  |  40
-1087.0  |  33
-1059.0  |  23
1071.0  |  31531
1067.0  |  438
1063.0  |  4612
1059.0  |  70
1075.0  |  510
1039.0  |  862
1035.0  |  206
1047.0  |  836
1055.0  |  2737
1051.0  |  88
1027.0  |  60
-1071.0  |  363
-1031.0  |  100
-1047.0  |  38
-1055.0  |  31
-1027.0  |  47
-1051.0  |  31
-1043.0  |  29
1043.0  |  172
-1035.0  |  459
-1039.0  |  38
1079.0  |  1213
1083.0  |  1178
1087.0  |  55
1091.0  |  558
-1151.0  |  4284
-1143.0  |  94
-1147.0  |  47
-1139.0  |  31
-1123.0  |  29
-1131.0  |  62
-1135.0  |  25
-1127.0  |  49
-1107.0  |  84
-1091.0  |  55
-1111.0  |  31
-1119.0  |  30
-1115.0  |  38
1107.0  |  1416
-1099.0  |  73
-1095.0  |  32
-1103.0  |  30
1151.0  |  112733
1143.0  |  1631
1147.0  |  263
1131.0  |  744
1135.0  |  4310
1127.0  |  1168
1123.0  |  252
1099.0  |  2625
1095.0  |  134
1139.0  |  151
1103.0  |  160
1111.0  |  200
1119.0  |  1453
1115.0  |  37
1175.0  |  461
-1203.0  |  35
-1211.0  |  2626
-1215.0  |  43
-1207.0  |  38
-1187.0  |  438
-1171.0  |  304
-1199.0  |  31
-1195.0  |  32
-1191.0  |  30
-1175.0  |  23
1179.0  |  2588
1171.0  |  3054
-1167.0  |  30
-1163.0  |  28
-1155.0  |  30
-1183.0  |  41
-1159.0  |  31
-1179.0  |  504
1155.0  |  411
1159.0  |  364
1183.0  |  216
1163.0  |  916
1187.0  |  245
1199.0  |  12438
1195.0  |  286
1191.0  |  232
1203.0  |  2146
1167.0  |  55
1215.0  |  3264
1211.0  |  84333
1207.0  |  1398
1243.0  |  588
1227.0  |  417
-1267.0  |  22164
-1275.0  |  135
-1271.0  |  26
-1279.0  |  60
-1259.0  |  88
-1263.0  |  34
-1251.0  |  51
-1255.0  |  25
-1235.0  |  48
-1247.0  |  34
-1219.0  |  28
-1243.0  |  59
-1239.0  |  28
1279.0  |  1799
1275.0  |  51
1271.0  |  277
1267.0  |  163
1231.0  |  89
1251.0  |  2687
1255.0  |  3230
1259.0  |  5941
1263.0  |  195
-1223.0  |  538
1223.0  |  3139
1219.0  |  106
1235.0  |  389
-1227.0  |  40
-1231.0  |  25
1239.0  |  655
1247.0  |  78
1307.0  |  878
1287.0  |  1364
1283.0  |  295
1311.0  |  108
1291.0  |  1034
1295.0  |  254
1303.0  |  1639
1299.0  |  139
-1295.0  |  48
-1287.0  |  55
-1291.0  |  29
1315.0  |  1860
1323.0  |  3156
1319.0  |  134
1327.0  |  229
-1303.0  |  1888
-1323.0  |  55
-1327.0  |  4829
-1299.0  |  23
-1335.0  |  27
-1319.0  |  42
-1315.0  |  24
-1343.0  |  33
-1339.0  |  90
-1331.0  |  70
-1307.0  |  27
-1283.0  |  37
-1311.0  |  37
1331.0  |  9190
1335.0  |  991
1339.0  |  53
1343.0  |  262
1367.0  |  3955
1359.0  |  2864
-1367.0  |  40
-1403.0  |  39
-1407.0  |  29
-1379.0  |  32
-1399.0  |  29
-1395.0  |  37
-1383.0  |  86
-1391.0  |  36
-1387.0  |  70
-1363.0  |  31
1363.0  |  224
-1355.0  |  31
-1347.0  |  26
-1351.0  |  30
-1359.0  |  56
1399.0  |  53
1395.0  |  483
1351.0  |  239
1371.0  |  26757
1375.0  |  1428
1347.0  |  100
1355.0  |  67
1387.0  |  735
1391.0  |  83
1403.0  |  482
1407.0  |  97
1379.0  |  243
1383.0  |  276
-1375.0  |  116
-1371.0  |  213
1431.0  |  300
1411.0  |  10503
-1419.0  |  4919
-1415.0  |  30
1427.0  |  52
-1423.0  |  31
-1411.0  |  155
-1427.0  |  24
-1439.0  |  51
-1435.0  |  31
-1431.0  |  35
-1447.0  |  29
-1443.0  |  24
1423.0  |  501
1419.0  |  61
1415.0  |  524
1443.0  |  204
1447.0  |  30
1439.0  |  2120
1435.0  |  68
1.0  |  127
-1.0  |  43
